,0,1,2,3,4,5,6,7,8,9
0,-0.4183534,-0.7438513,0.009821661,-0.01000756,-0.48165444,-0.552571,-0.461946,-0.023696065,-0.42449898,0.049070537
1,-0.32648233,-0.18879277,-0.14903614,0.053052325,-0.19740942,0.49147695,0.01977858,-0.0957908,0.3494168,-0.55713534
2,-0.3419019,0.48521674,0.35266042,-0.43233085,0.2258969,0.08678055,-0.09824154,-0.11286163,-0.019064695,-0.031621434
3,-0.47197682,-0.51452196,-0.8734945,-0.40021273,-0.8018086,-0.32769454,-0.2430368,0.108535826,-0.784648,-0.073694125
4,-0.50556976,-0.46110296,-0.46269584,-0.33808014,-0.6379256,-0.6167634,-0.06954992,-0.42443085,-0.4294455,-0.4358077
5,0.15588987,0.10278681,-0.3472833,0.65872854,-0.40413606,-0.081585765,-0.27076232,-0.09304269,0.13018215,0.024458319
6,-1.2056035,-0.601859,-1.1708672,-1.0377675,-0.9471242,-1.1688102,-1.5758424,-1.1432652,-0.9805537,-0.74546295
7,-0.11033929,-0.4021947,-0.36037564,0.28977153,0.07175979,-0.048770964,-0.008337617,-0.06649768,-0.09052479,0.36263394
8,0.006483406,-0.15671396,0.29939765,-0.15934093,-0.008844137,-0.028385222,-0.11207509,-0.16762361,0.1261489,-0.3031283
9,0.048381537,0.39981014,0.40282062,0.5305996,0.464311,-0.13593024,0.37167507,0.5929428,0.2941208,0.3491255
10,-0.35916263,-1.318496,-0.3890357,-0.857731,-0.048249394,-0.6611206,-1.2849061,-0.8593869,-0.34641257,-0.8414879
11,0.21429908,0.5942224,-0.009245932,0.26107955,-0.12200947,0.27810866,-0.13414663,0.3548831,0.31361282,0.3252346
12,-0.1928811,-0.69564164,-0.4948513,-0.8225144,-0.40173325,-0.083440244,0.04505889,-0.2232036,-0.06620157,-0.43887347
13,-0.3354733,-0.23491307,-0.5369147,-0.4702433,-0.26752418,-0.37401026,-0.13127428,-0.65520805,-0.40474552,-0.29849666
14,-0.50321543,-0.6186242,-0.8944173,-1.4510738,-0.5963356,-0.60927784,-1.0215092,-0.638785,-0.1904673,-0.75863767
15,-0.82090855,-0.80751,-0.48845908,-0.6174283,-0.18569738,-0.57171977,-0.45948803,-0.96543455,-0.2645696,-0.95849717
16,0.60472816,0.299357,0.73824865,0.55428934,0.30983207,0.52107555,0.73093116,0.23403734,0.5719046,0.61631906
17,0.44322366,1.1435838,0.3972261,0.6497133,0.8656328,0.4320779,0.87457865,0.33523226,0.7797141,0.9435258
18,-1.2951775,-0.90480185,-0.81818265,-0.7844106,-0.9270057,-0.87637854,-0.79082435,-0.6862333,-1.3717754,-1.0340198
19,-0.15833357,0.37903762,-0.46568143,-0.41840434,0.5216274,-0.6674433,-0.047191978,-0.22126114,-0.31143284,0.05528307
20,-0.18229182,0.007959768,0.10930033,0.30659643,0.0781793,-0.018174179,0.10100449,-0.19687206,0.14439613,0.0041737705
21,0.19578871,-0.1581552,-0.05785513,0.21923491,0.38925913,-0.052062325,0.52843815,0.20482147,0.12483674,0.15121475
22,0.18575007,0.40283537,0.062033355,0.08569315,-0.2476655,-0.08490723,-0.12460625,0.787691,0.39087325,0.023019657
23,-0.21228698,-0.34320056,-0.7597354,-0.13061248,-0.49774593,-0.26742473,-0.39679682,-0.499676,-0.33694214,-0.4196455
24,-0.38363135,-0.4031942,-0.15252978,-0.45902863,-0.23365967,-0.26123264,-0.009324193,-0.41467464,-0.57938606,-0.5475591
25,-0.9417703,-0.7096572,-0.6280421,-0.9339695,-1.3531123,-0.75863373,-0.92666423,-0.30977935,-0.92825985,-0.8860177
26,-1.3332217,-0.023009837,-0.3609863,-1.1774801,-0.88293374,-0.61209357,-1.1501073,-0.9112154,-0.60790205,0.4299906
27,-1.3995178,-2.224912,-1.3789449,-2.2874115,-1.5479155,-1.6780311,-1.7680807,-1.9882646,-1.3597169,-1.7213048
28,-0.75267076,-0.9877795,-0.65847003,-0.7512195,-0.746333,-0.9544648,-0.64714825,-0.5772011,-0.58280474,-0.66075313
29,-0.20055406,0.059216857,-0.2458956,-0.44722858,-0.2962302,-0.30908763,-0.29686397,0.074430645,-0.11543071,-0.35591382
30,-0.34185565,-0.026020437,-0.26548076,-0.072624065,-0.83771086,-0.051989168,-0.049193293,-0.26640522,-0.27835944,-0.10757345
31,-0.68541706,-0.24959475,-0.15521547,-0.2714607,-0.456065,-0.38233817,-0.3812461,-0.35748315,0.21878326,-0.31477076
32,-1.8283104,-1.419776,-1.8587213,-1.7713615,-1.4083636,-1.483609,-1.882625,-1.7281786,-0.69953823,-1.0654024
33,-1.4297024,-1.0221705,-1.646123,-1.4069352,-1.7370988,-1.2568132,-1.1010357,-1.3860581,-1.7508813,-1.7408507
34,-0.6296437,-0.7920075,-0.6520145,-0.59662163,-0.7190782,0.033975393,-0.71012485,-0.6165689,-0.31621885,-0.05018854
35,-4.105116,-3.578929,-3.798751,-4.145954,-4.025557,-3.549411,-4.7570415,-4.44865,-4.2105246,-3.719336
36,-3.35325,-3.348763,-3.1115732,-3.6829395,-4.1681294,-3.7062726,-3.3769944,-2.780858,-3.5719235,-3.555852
37,-1.7639621,-1.8054587,-1.2512972,-1.9463706,-1.5710517,-1.8453237,-1.7959019,-2.320636,-2.0086923,-1.9924653
38,-1.0917492,-0.82302713,-0.6454935,-0.70915973,-0.6784234,-0.5163059,-0.8935655,-0.43524042,-0.9652314,-0.77933574
39,-3.112588,-4.112255,-5.149869,-3.71842,-4.592044,-3.6792283,-4.793501,-3.9493747,-3.696049,-4.737278
40,-4.574708,-4.763571,-3.60111,-3.751928,-5.2728276,-4.6148243,-3.8323178,-4.30304,-4.801751,-4.6279707
41,-3.1675153,-3.8608541,-3.417492,-3.2181494,-3.0613494,-3.0227628,-3.0477183,-3.5401351,-3.0211143,-2.6055946
42,0.65166706,0.4666197,0.09266841,0.19865406,0.2095381,0.1550844,0.35232073,0.48154664,0.03506422,0.37070015
43,-0.48808593,0.21647072,-0.39860207,-0.48686504,-0.3417402,-0.59882426,-0.22338477,-0.36942554,0.08615719,-0.11495501
44,-0.08908662,-0.30937055,-0.28029096,-0.39761996,0.06257588,0.0616467,0.16494419,-0.22831833,-0.1760621,0.040729254
45,0.5209923,0.50652695,0.25091138,0.5697869,0.41080248,0.0361073,0.36872244,0.22091094,0.23641324,0.4548429
46,0.47554594,0.36803,0.07658702,0.48143864,0.3679301,0.31806207,0.35952303,0.76329464,0.05581671,0.42340767
47,-0.74635196,-0.7788385,-1.0771413,-0.46287552,-0.51192135,-0.1876562,-0.6874542,-1.0848935,-0.7332962,-0.5169362
48,-3.5533128,-2.636362,-4.161869,-4.2642837,-4.6502786,-3.9173217,-3.5823486,-3.5407684,-3.0288343,-3.2420878
49,-3.5300927,-1.4900095,-3.0728207,-4.266403,-1.6151495,-2.4450998,-2.8269184,-2.1210196,-3.296248,-3.4159946
50,-2.2012188,-2.5085015,-2.2776816,-0.737398,-2.7126977,-2.586185,-2.6881337,-3.260393,-3.4815402,-1.8480189
51,-2.309282,-2.3170173,-3.1996706,-2.511268,-3.8386974,-2.3745608,-2.9713612,-2.8440044,-2.4806223,-2.6879406
52,-4.479618,-2.9020085,-3.273898,-3.4086273,-3.4777384,-3.697015,-4.2426558,-2.7854996,-3.32009,-3.3619156
53,-2.6037536,-2.8664966,-2.7296014,-2.4239883,-2.5005898,-2.538053,-2.1897435,-3.196404,-3.2351468,-2.669889
54,-3.0718014,-1.721931,-2.917707,-3.3685963,-3.3067603,-2.924057,-4.0885296,-3.6660674,-2.9602525,-3.850975
55,-2.1042392,-1.9330091,-2.9103591,-2.9804711,-1.3378179,-2.910141,-2.2016883,-2.5490093,-2.6698701,-2.0584579
56,-1.2114019,-1.0338751,-1.3414124,-1.2176223,-1.1381624,-1.4618728,-1.4039688,-1.539501,-1.0517285,-1.3795078
57,-0.40025458,-0.38567516,-0.29975295,-0.08118588,-0.06976771,-0.42493868,-0.2800678,-0.235466,-0.6132885,-0.3849489
58,-1.0630406,-0.7680229,-0.66544694,-1.1458948,-0.26632005,-0.69383734,-0.68537164,-0.7970848,-1.0616958,-1.1193328
59,-3.0047693,-2.3464289,-2.9777002,-2.7561417,-3.2146704,-2.5493991,-2.8064651,-2.4526434,-2.7100437,-2.4542642
60,0.22197503,0.22263078,0.4082877,0.20599848,0.4351887,0.29839912,0.5166354,0.49953502,0.2427061,0.43113267
61,0.3398659,0.17262873,0.17222956,0.06619051,0.22773606,0.065802515,0.19700502,-0.003409952,0.14213532,0.33114162
62,-3.7194247,-3.5433397,-3.4424024,-2.372787,-3.3386905,-2.6894093,-3.0468824,-3.1981587,-2.4599009,-3.2324255
63,-4.0927258,-3.9214664,-3.610055,-3.3499265,-3.4955862,-2.2688413,-3.3604379,-4.0188894,-2.7530758,-3.7750304
64,-1.7930404,-3.3155434,-2.5148687,-3.6842136,-2.3296957,-2.6133351,-1.9602326,-1.9747823,-2.6800609,-2.6568513
65,-2.6447139,-2.570485,-3.0673997,-3.167989,-3.0314221,-3.22899,-3.1695666,-3.1812644,-2.7945325,-2.7939463
66,-2.1458983,-1.9424028,-1.8996055,-1.8151652,-2.2057114,-2.1660333,-2.4031568,-2.3472314,-1.853898,-2.438976
67,-3.2192433,-2.5944932,-3.8179476,-2.885038,-3.6405768,-3.4256449,-3.3857927,-3.091123,-3.9022589,-2.4277563
68,-1.4498553,-0.85420585,0.07431662,-1.1608517,-1.9301648,-0.14185214,-0.134992,-1.1500592,-0.52587414,-1.6127074
69,-2.7666755,-0.77799654,-1.5901954,-2.4725146,-2.0307918,-1.3327706,-1.5899158,-1.1263623,-0.21882224,0.8774637
70,-1.2878149,-1.3646886,-1.394906,-1.1464384,-1.2556708,-1.1138699,-0.9999169,-1.2869458,-1.2459359,-1.2624598
71,0.026994228,-0.2610846,-0.56788015,-0.24287271,-0.21138667,-0.4556489,-0.29766887,-0.2811618,-0.057959378,-0.15979713
72,-0.8319277,-0.5231998,-0.45014465,-0.4438342,-0.55555815,-0.6768636,-0.5033477,-0.36001527,-0.7565384,-0.4914863
73,-0.042191714,-0.10365697,-0.123758145,-0.2029739,-0.18046752,-0.03968951,-0.3877882,-0.09081262,0.023524225,-0.18130898
74,-1.6990523,-1.2274928,-0.8217989,-1.3068733,-1.1407484,-1.6809974,-1.2887343,-1.8717134,-1.0557903,-0.7764591
75,-1.1048853,-0.93380284,-0.5833905,-0.5857558,-0.8365065,-0.7704165,-0.7697237,-0.3835777,-0.5768192,-1.1268492
76,-0.7117876,-0.52046657,-1.61151,-1.232409,-0.8929596,-0.74501514,-0.88166547,-0.73288614,-0.9779062,-1.0633278
77,-1.9360418,-1.7791874,-2.1718445,-1.4902195,-2.2035005,-2.1856005,-1.7885681,-2.2733297,-1.7479769,-2.0484169
78,-2.8239934,-1.8769026,-1.996491,-1.6523284,-1.7570884,-2.0864816,-1.5990292,-1.7112397,-2.699469,-2.019314
79,0.9958926,0.39791012,0.8121314,0.7937878,0.7535163,1.0018399,0.6723385,0.8311162,1.4188814,0.6521503
80,-0.6565417,-1.0511562,-0.7708466,0.27729517,-1.2681746,-1.5964953,-0.17483711,-1.2065356,-1.1266813,-0.6985067
81,-0.6632364,-1.4505458,-1.0560192,-1.6100427,-0.8287047,-1.8218687,-0.30410516,-0.98190236,-1.3777999,-1.7555623
82,-2.1689208,-1.5262985,-1.3195472,-0.9289737,-1.7003231,-1.5066209,-1.3423358,-1.7157571,-2.1260755,-1.1158249
83,-0.73232603,-0.78918415,-1.2658337,-1.0922067,-0.6856825,-1.0708058,-1.2014399,-0.5983349,-0.80990195,-0.8826174
84,-0.20336175,0.07987648,0.76682025,-0.526695,0.73353857,0.3129602,0.12853932,-0.43164957,0.10287255,0.282584
85,0.98068357,0.4348842,0.19556129,0.5371934,-0.14813742,0.60909456,0.2977621,0.4757306,0.15509975,0.7143675
86,-1.7333233,-1.0886624,-2.7205474,-2.636613,-1.5516858,-1.651974,-2.6853542,-2.719789,-1.3240938,-1.687649
87,-0.7188891,-1.2158921,-0.42159295,-0.97821933,-0.89583737,-1.0075641,-0.72885704,-0.31224728,-1.0370862,-0.8912195
88,-0.41803372,-0.9117137,-0.48278493,0.49760085,-0.60380113,-0.84948826,-0.30616784,0.03976345,0.19607615,-0.3438077
89,-0.26115966,-0.40367305,-0.03954327,-0.10347819,-0.39377236,-0.52808726,-0.71263456,0.22470284,-0.16671115,-0.3877108
90,-0.40642118,-1.1619296,-0.35259724,-0.9239147,-1.2237204,-1.2852812,-1.2659556,0.18638945,-0.4637879,-1.7389079
91,-0.33526373,-0.16127762,-0.056486875,0.30062482,-0.09031731,0.028436929,-0.20283604,-0.3381732,0.20616835,-0.16319436
92,-0.04052347,-0.47046733,0.4053585,0.29470736,0.1946075,0.008614242,0.3585875,0.14651632,0.49473614,0.9111737
93,0.06970918,-0.3155573,0.040468406,-0.13536182,-0.26932424,-0.040219985,0.095860906,0.0029720291,-0.12993145,-0.14789899
94,-0.55902,-0.60216093,-0.038728893,-0.34785235,-0.28972608,-0.25339305,-0.3165322,-0.4466138,-0.07102835,-0.45470446
95,0.18249273,0.10635978,0.014177471,-0.51856124,0.012121834,-0.28503758,-0.15569784,-0.02472229,-0.09075722,-0.14010894
96,-0.5614581,-0.35750687,-0.5669358,-0.49148646,-0.069042444,-0.49760267,-0.3056116,-0.11310526,-0.43225014,-0.16759256
97,-0.6578406,-0.77825695,-0.6196293,-0.6711719,-1.309787,-0.5128633,0.50323653,-0.7500434,-0.7659564,-0.8516268
98,0.70075583,0.40430796,0.44469154,0.4110167,0.70460665,1.1038938,1.3211799,1.0235097,0.32875946,-0.06736684
99,-0.42572862,-0.2894212,-0.44162315,-0.1964994,0.38678598,0.06595729,-0.2501896,0.10798973,0.20386024,-0.0544436
100,0.48477006,-0.22186024,-0.22719628,0.16440995,-0.11102265,0.07283757,-0.18342566,0.08019942,-0.18596196,0.21172458
101,-1.3514907,-1.4883904,-1.1764363,-1.3833874,-1.4306184,-1.4084033,-0.9002895,-1.3404065,-1.0528009,-1.4045464
102,-1.5987746,-1.0880502,-1.3447472,-1.2286282,-1.0833318,-0.97691834,-1.1788383,-0.99560815,-1.2789782,-1.2849747
103,0.012868762,-0.20239246,-0.23114216,-0.23018533,-0.08170533,-0.35033727,-0.29327944,-0.20429721,-0.39660975,-0.0052388757
104,0.19462162,-0.38417482,0.83549345,-0.036556005,-0.091967195,0.04098034,0.07902026,-0.16335544,0.24055088,0.23472297
105,-0.725267,-0.6716977,-0.43552586,-0.0981791,-0.21892986,0.0013524592,-0.11025977,-0.5951464,-0.71730024,-0.4871382
106,0.13562539,0.7013901,0.7632692,0.7027126,0.6869565,0.38839734,0.74238706,0.72321475,0.916061,0.3245315
107,-0.3611967,-0.3131649,0.044615775,0.5065007,-1.0596578,-0.011118948,-0.26348782,-1.1482974,-0.14819205,-0.66531765
108,0.89216924,0.34683746,0.34091982,0.13031705,0.34917712,0.4630494,0.10706258,0.5702768,0.10609931,0.5109856
109,-0.122983575,0.13594364,0.30546957,0.28326452,0.07639836,0.09066352,0.23807758,-0.09738976,0.37726372,0.22258703
110,-0.5820669,-0.093538284,-0.34709394,-0.9706724,-0.17555252,-0.42665368,-0.918276,-0.4103124,-0.2888357,-0.2425423
111,-0.44121546,0.14881873,-0.8877544,-0.0772028,-0.41942936,-0.5695221,-0.32144147,0.31028885,-0.07718609,-0.559991
112,-1.0020883,-1.5480219,-0.60517687,-0.5846383,-0.9289354,-0.643701,-0.59299064,-0.46853426,-1.0102435,-0.57076997
113,-0.3247845,-0.48587584,0.14962924,-0.028152943,-0.43583235,-1.0229479,-0.3771484,-0.28142223,0.0081086755,-0.10748683
114,0.27821708,0.77487123,1.1328465,0.2653398,0.17849663,0.26581162,-0.0109805465,0.0039609633,0.2441754,0.48730338
115,0.25538558,0.33310473,0.6181735,0.32709327,0.37950492,0.41351706,0.0046706796,0.053620383,0.30639842,0.15176892
116,0.81932503,0.66782147,0.60859984,0.4441212,0.90403163,0.67364764,1.347408,0.2084313,0.66333115,0.81135875
117,-0.35265893,-0.39117742,-0.731976,-0.21933836,-0.8763582,-0.79004,-0.86163014,-0.66335696,-0.778201,-0.59058344
118,-0.53461194,-0.66602886,-0.82322836,0.6208771,0.011771679,-0.7743723,-0.21410191,-0.3792029,-0.45345122,-0.897684
119,-0.48118937,0.36136594,0.05390823,-0.19875783,0.6595906,-0.54227716,-0.25089437,0.0784653,-0.297513,-0.738397
120,-0.4577668,-0.59960586,-0.48842102,-0.4976346,-0.6354165,-0.4594432,-0.7909515,0.058966845,-0.9126837,-0.40000704
121,-0.89019024,-1.3960834,-0.5256851,-0.6899363,-0.60577726,-0.88931364,-1.0071158,-0.72510076,-0.025242776,-0.3593153
122,0.99409825,1.1600302,0.17406541,0.31568748,0.84381104,0.16486299,0.30832338,1.0314837,0.3076123,0.33853453
123,0.54221886,0.7765959,0.5890442,0.2671991,1.1001337,0.54147357,-0.015792608,0.18807629,0.11578244,0.8173913
124,-0.15668875,-0.27387917,-0.695364,-1.1102494,-1.0067916,-0.9477335,-1.2124941,-0.50685894,-1.0335643,-0.7452127
125,0.14201343,0.90236914,1.2888975,0.4225321,0.4192293,1.2775953,1.1566356,0.7441552,0.5712327,-0.14728212
126,-0.04903917,-0.32364556,0.2518884,0.388003,0.53428733,0.042102575,-0.503886,0.36397594,0.56584555,0.14642256
127,1.1476798,0.5733211,1.0502154,0.19977689,0.27127844,1.5037589,1.9255309,0.835405,0.9175267,0.24073303
128,0.42322683,0.6610242,0.6629075,0.49850625,0.08905351,0.018820047,0.13159393,-0.01656046,0.86520076,-0.1540575
129,0.49689418,0.0030556023,-0.061879687,0.18113995,0.17872328,0.064094126,0.14903566,0.39584464,0.11772913,-0.017151564
130,0.012093231,-0.1874646,0.18809497,0.24228197,-0.426894,0.4203961,-0.4038099,0.24275345,0.65889585,-0.017943725
131,-1.930186,-1.6634166,-1.7428297,-2.02329,-1.7828016,-1.6511552,-1.4687755,-2.2240407,-1.9443073,-1.5426453
132,-1.533007,-1.2521958,-1.3283176,-1.6145563,-1.5291474,-1.6348991,-1.1335888,-1.4893162,-1.3070652,-1.2281058
133,-0.015642762,1.4292599,0.37280995,1.106811,0.12858963,0.5208168,0.7777199,1.1465539,0.82345665,-0.121624306
134,-2.3286567,-1.9347945,-2.555572,-2.732538,-2.657712,-2.3531744,-1.8904612,-1.7319145,-2.0265222,-2.3324637
135,-1.1645477,-0.6488927,-1.4860727,-0.6794251,-0.8791812,-0.29480413,-1.1147518,-0.9548309,-0.43745577,-1.0529912
136,0.41959578,0.4383596,0.63095653,0.47790593,0.10055947,1.0189195,0.6109108,0.8371058,0.6367294,0.5628298
137,-0.39813018,-0.17441049,-0.4179219,0.05482781,-0.11840111,-0.78205705,-0.010090113,-0.14626135,-0.35140455,0.2529689
138,-0.2072454,-0.8261012,0.041417837,-0.8865008,-0.012435518,-0.014691502,-0.45050693,-0.16650963,-0.09242189,-0.23344088
139,-1.8194245,-1.0505707,-1.3305863,-0.52018654,-0.99496484,-0.9402338,-1.0067713,-1.235027,-0.44259918,-1.1122075
140,0.0208413,-0.6727358,-0.6253227,0.10523701,-0.6183363,-0.82736444,-0.4917065,-0.11475438,-1.2666024,-1.2226988
141,-0.41372067,-0.33051926,-0.93202764,-0.22400808,0.015317202,-0.9176483,-0.43278623,-0.48014155,-1.0343597,-0.587282
142,-0.8075336,-1.1123507,-0.8733637,-0.79051214,-0.9601844,-0.9045471,-1.0387948,-1.0697876,-1.0771408,-1.1595147
143,-0.28145057,-0.74355644,-0.39563087,-0.2915975,-0.344007,-0.13831024,0.39345,-0.34635067,-0.57676065,0.27380314
144,-0.38409412,-0.29513887,-0.3542416,-0.21786904,-0.34518385,-0.20843804,-0.093236566,-0.20669448,-0.17683685,-0.44291168
145,-0.57876754,-0.6019856,-0.24495405,-0.4107291,-0.56755733,-0.8508575,-0.1889171,-0.80728626,-0.55670905,-0.74495465
146,-0.7884147,-0.89565086,-1.0241922,-0.6721982,-1.1453004,-1.1735722,-0.41165158,-1.1733967,-1.4953035,-1.2728056
147,-0.8124153,-0.9141497,-0.74803257,-1.139468,-0.80840546,-0.7002913,-1.4110013,-0.5599056,-0.820986,-1.133681
148,-1.4462664,-3.0928314,-3.4593692,-2.961957,-2.7781916,-2.9351568,-2.869128,-3.198662,-3.9598763,-2.8201523
149,-0.9412172,-1.3518031,-0.18680382,-1.3034546,-0.49061406,-0.6675043,-1.6915787,-0.7147238,-1.1421862,0.26168764
150,-0.1353364,-0.37236422,0.15870595,-0.113763586,-0.1675396,-0.14900267,-1.0146921,0.4669175,-0.46894515,-0.717535
151,-0.580439,-0.4055316,-0.8468732,-0.6519603,-0.5569714,-0.80143845,-0.27647817,-0.9288429,-0.47901556,-0.59383047
152,-2.8694448,-2.585061,-2.50183,-2.3141212,-2.7631407,-2.1986651,-2.4091122,-2.3008657,-2.1723804,-2.8359547
153,-3.3811011,-2.8260942,-3.3838181,-2.7751403,-2.80941,-3.7826183,-2.999093,-2.8077946,-3.339316,-3.7580929
154,-2.290862,-3.1573234,-3.2471826,-3.246846,-2.3963532,-3.4550538,-2.5414295,-2.7953146,-3.4751034,-2.0201526
155,-2.463703,-2.4432542,-2.2740762,-1.4577143,-2.5564935,-2.2425299,-2.7211947,-1.9617126,-1.7667704,-2.4193304
156,-2.3613749,-2.2934527,-2.2737322,-2.0282023,-2.5612187,-2.2828383,-2.471644,-1.3689276,-1.418282,-2.1972911
157,-2.6667466,-3.124135,-2.9872715,-3.869425,-3.742748,-3.4500701,-3.7100477,-3.4654949,-3.0282083,-2.5462766
158,-0.45050955,-1.5121303,0.28468442,0.11887622,-1.2389445,-1.1895014,-1.1650567,0.2766571,-0.49747765,-0.2976098
159,-1.6461158,-0.14243147,-0.21961355,-1.3077022,-0.01639527,-0.95538926,-1.3147185,-1.6712037,-1.051961,-0.49357125
160,-1.2372273,-2.8921819,-2.5790827,-4.0330577,-2.4595213,-3.2042687,-2.392961,-3.1788416,-2.5630546,-3.3675323
161,-2.2196987,-2.6263888,-2.750301,-2.805738,-2.8143287,-1.7424295,-2.8623304,-2.2452018,-2.437602,-2.6403317
162,0.10379112,-1.1692126,-0.615345,-0.43640834,-0.15448332,-0.16121489,-0.5618077,-0.86334103,-0.8274398,-0.689116
163,0.37205848,0.11157313,0.044464312,0.21425414,0.21727249,0.049892306,0.13092002,-0.19437957,-0.29998773,-0.046691477
164,-1.8728459,-1.0961246,-1.373393,-1.8445103,-1.7682288,-1.4854163,-1.7970806,-2.1075563,-1.6546061,-1.2189234
165,-1.4155965,-1.1930037,-0.9309646,-2.012464,-1.1256269,-1.7506118,-0.9744213,-1.3895807,-1.6055636,-0.4377178
166,-1.0366822,-0.84981924,-0.29941514,-1.0507534,-1.2390077,-0.8802242,-1.3645713,-0.37596285,-1.0486711,-0.9941145
167,-0.24983695,-1.194587,-0.47188908,-0.4856969,-1.6404666,-1.124078,-0.61443377,-0.790969,-0.77449024,-0.6998775
168,-0.12653115,-0.6880821,-1.0660167,-0.01783514,-0.6442408,-0.43306726,-0.29870623,-0.5836562,-0.07164234,-0.7185062
169,-0.31635934,0.18295377,-0.9420035,-0.27672917,-0.07671139,-0.5930515,-0.82536775,-0.7708018,-0.47466356,-0.0018824339
170,-0.7498249,-0.9238339,-0.45090735,-0.7328336,-0.8388512,-0.53596187,-0.6555751,-0.42796445,-0.43058163,-0.23138523
171,0.19826299,0.33005524,0.42175496,-0.4457531,0.14051068,0.17583232,-0.15716791,0.64757764,-0.49830842,-0.7500232
172,1.542393,-0.31042707,0.26160094,-0.31300128,1.3662307,0.45170006,1.090533,0.6147432,0.58114815,1.4449935
173,0.9573664,-1.3868484,-0.027211547,-1.1194582,-0.61579585,-0.82628703,-0.8925152,-0.52479684,-0.5379393,-0.7822218
174,-1.349337,-2.0170758,-2.4868648,-1.941929,-1.4230034,-1.5300968,-2.2065346,-0.9079493,-2.3437037,-1.3537635
175,-1.772972,-1.3474954,-1.4503727,-2.7510939,-1.5116092,-1.6531392,-1.7059525,-1.6076479,-1.3272402,-1.936526
176,-1.3124497,-0.95881796,-1.9233606,-1.5380499,-1.0790894,-1.4680254,-1.874317,-1.6191525,-1.5622622,-0.42139482
177,-2.8104243,-2.378585,-2.4981744,-2.5017748,-2.8297443,-2.1346295,-2.2583852,-2.740746,-2.8271446,-2.8327062
178,-0.89019465,-2.1224496,-1.6459507,-0.85047877,-1.8076645,-1.6644256,-2.0599813,-2.1872962,-0.9331068,-1.0805639
179,0.16977376,-0.0024297237,-0.48872995,-0.22845197,-0.61026406,-0.19781351,0.55174696,-0.024653971,0.5729332,0.3777951
180,-2.429933,-1.3218869,-0.2059857,-0.28136975,-0.3350578,-2.0352473,-1.4348475,-0.9821197,-1.0639584,-0.82337254
181,-0.00070258975,0.12914696,-0.38383967,0.03611767,0.03662491,-0.21007656,0.0033504367,-0.55925846,-0.32213056,-0.232151
182,-1.2439274,-0.4135174,-0.941942,-1.0271416,-0.958412,-1.0921152,-0.8091394,-0.887183,-0.98272955,-0.3521446
183,-0.6947736,-0.7181059,-0.3020783,-0.93325055,-1.1970698,-0.82816494,-0.6195012,-0.47850809,-0.8608067,-0.602762
184,-1.3118644,-1.580004,-1.9699314,-2.5217397,-1.444839,-2.1775656,-1.7561376,-2.3483593,-2.1785467,-1.4905764
185,-2.5888414,-2.8830152,-2.3905933,-2.2049289,-2.3361616,-2.301301,-2.0501988,-2.659319,-2.565282,-2.314703
186,0.74644935,0.9081031,0.65620136,0.48404694,0.668031,0.88475895,0.69448864,0.5471544,0.64860964,0.6489073
187,-0.29176375,-0.40041822,-0.5280385,-0.28618902,-0.38418275,-0.38483274,-0.37646538,-0.43703437,-0.2141869,-0.022591174
188,-2.7944546,-2.2203958,-2.620222,-2.5747514,-2.196847,-2.1098163,-2.460237,-2.4737434,-2.836886,-2.7332757
189,-1.8918378,-1.766709,-1.9944317,-2.1871235,-2.2460077,-1.6149039,-2.1212623,-1.875982,-1.802833,-1.3354865
190,-0.63237494,-0.07118544,-0.16890195,-0.30158156,-0.4151363,-0.24488223,0.043989837,-0.014865339,-0.23447508,0.3470382
191,-0.5542927,-0.26788002,-0.7882,-0.45028043,-0.48190135,-0.56873375,-1.3917462,-1.262639,-0.8713538,-1.0589342
192,-0.5905237,0.43204242,-0.6918704,-0.58768773,-0.7676291,0.1420775,-0.15601432,0.4381882,-0.09848845,-0.044408143
193,0.042763174,-0.8286859,-0.70799005,-0.53000045,-0.22609985,-0.38119972,-0.25808662,-0.3427962,0.684888,-0.5787352
194,-0.636641,-0.4095384,-1.0606993,-0.8641163,-0.7082112,-0.70312667,-0.46469897,-0.81994563,-0.77632344,-0.6229164
195,-0.39849263,-0.46707636,-0.27617857,-0.31046832,-0.51412207,-0.058444202,-0.33572197,-0.8096705,0.09562716,-0.4973799
196,-0.53864014,-0.9091378,-0.15235442,-0.04433468,-0.058698855,0.052066416,-0.6661726,-0.7004019,0.01588139,0.0024128854
197,-1.7636102,-2.5446317,-1.4762433,-2.442045,-1.5601796,-1.7505258,-2.0912447,-1.7179823,-1.9691966,-2.010219
198,-0.5346046,-0.29008907,-0.95775735,-0.6322932,-0.94215244,-0.90276515,-1.0190787,-0.4367541,-0.6196312,-0.99457204
199,-0.049962312,-0.6247909,-0.6704252,-0.31812206,-0.1931364,-0.03527627,-0.9629305,-0.37452412,-0.34447062,-0.20263314
200,0.72466904,0.42126682,0.04355696,0.11316943,0.39521307,0.5616735,0.78597206,0.63456905,0.21528804,0.6973098
201,-2.199911,-1.7874436,-1.801813,-1.8569353,-1.7092767,-1.5949244,-1.7309458,-1.9553554,-1.7733588,-1.915218
202,-3.355712,-2.9141426,-2.2773602,-2.8802528,-1.9543977,-2.3103287,-2.7092993,-2.8559406,-2.6673365,-3.059097
203,-1.5178561,-1.6409848,-2.4585462,-2.179433,-2.0727935,-2.2277346,-2.3225026,-2.8556466,-2.4660301,-1.8391957
204,0.6759518,0.42848,0.6739017,0.47092775,0.033589303,0.59108853,1.2753555,0.6217952,0.70543075,0.5844461
205,-0.39193457,-0.8330313,-0.6683861,-0.5441323,-0.83088565,-0.3392343,-0.48333016,-0.5318903,-0.47206748,-0.45280227
206,0.49409342,0.41324794,0.2653402,-0.008277953,0.29586768,0.3520155,-0.05034268,0.8331982,1.4506984,0.6108801
207,0.060614347,0.19290322,-0.10466918,0.005552411,0.62991315,0.0474154,0.18848377,0.15918924,0.3906209,0.22195822
208,-0.43671346,-0.0030595362,0.118431345,0.47244677,-0.3099704,-0.17033827,-0.20881346,0.3126639,-0.2745448,0.6102624
209,-1.3182253,-1.4692543,-1.1149824,-1.3458841,-2.264258,-1.2811266,-2.0052555,-1.3174546,-1.5173097,-1.5258656
210,0.27856654,0.43537307,0.010178447,0.8311783,0.079058826,-0.27972454,-0.17100453,-0.18597203,-0.006506771,0.21926811
211,-0.84102905,-0.22327963,-0.41063404,-1.0818712,-0.6792277,-0.5185179,-0.2623975,-0.78778195,-0.8527802,-1.1232119
212,-0.24505317,0.12179804,0.010692477,0.122154534,-0.140311,0.29986167,-0.2667367,0.3408289,0.29528522,-0.2260768
213,-0.4312618,0.025342405,-0.3986215,-0.06590286,-0.0022923648,-0.28376508,-0.063903004,0.13890003,-0.095654175,0.30800778
214,-2.9836733,-3.084537,-3.2563992,-3.1154597,-3.0033197,-3.5729747,-2.4265006,-2.5732424,-2.680822,-3.0738912
215,-3.5837033,-3.791727,-2.9310417,-2.8811455,-3.8678873,-3.0546584,-3.734153,-3.366949,-3.1179106,-3.8593152
216,-2.2085824,-2.2734613,-3.0638301,-2.6798863,-2.631833,-2.419326,-2.5164232,-2.3114045,-2.4061038,-2.5386517
217,-0.89290535,-1.1497219,-0.57140744,-0.3912264,-1.1477834,0.02196747,-1.263987,-0.5496905,-0.06835127,-0.8582602
218,-1.620498,-1.4845088,-1.5312237,-1.3675513,-1.158653,-1.4533815,-1.6921084,-1.7833844,-1.3490514,-1.4708878
219,-1.3090245,-1.7537153,-1.2193625,-1.4350189,-1.614022,-1.2568336,-0.66224205,-1.5657554,-1.1716276,-0.89216805
220,-1.2761259,-1.4487568,-1.4531292,-1.1853127,-1.238484,-1.7461766,-1.3896207,-1.5202358,-1.3841928,-1.1127958
221,-3.15312,-3.4612238,-3.2698164,-3.268597,-2.3423975,-2.7468228,-3.224902,-2.8076549,-2.488119,-2.922674
222,-2.8091743,-3.2212079,-2.2689068,-2.7858448,-2.7331877,-2.5819168,-2.5033748,-2.9284146,-2.9152825,-2.5353513
223,-3.0986836,-2.7015178,-3.669076,-2.601715,-2.6840367,-3.3744237,-3.0771244,-2.851801,-2.3450303,-3.2303898
224,-3.4704342,-3.2793057,-3.0844917,-3.026971,-2.158203,-2.7771502,-2.7968235,-1.7667365,-2.3470147,-3.3432431
225,-3.5043693,-2.7350273,-2.6302,-3.1824734,-3.7647784,-3.2938232,-2.6880498,-2.3850777,-3.527921,-3.7548966
226,-3.1237488,-2.9694514,-3.2041507,-3.5501113,-3.4172904,-3.696855,-2.8890004,-3.6667497,-3.6126409,-2.5143964
227,-3.4498367,-2.444011,-2.6475446,-2.662517,-2.903582,-2.8462274,-2.2301285,-2.7806,-3.1176066,-1.8957632
228,-0.35163444,-0.40223253,-0.23108688,-0.5710753,-1.1057439,-0.8693934,-0.12985253,-0.7739481,-0.53090215,-0.5937098
229,-1.82134,-1.709634,-2.3227897,-2.191308,-1.7741816,-2.0502377,-1.1887052,-1.4322313,-1.6882355,-2.0488124
230,0.1736843,-0.07084033,0.2720796,0.42920655,0.5836553,0.30330127,-0.058228016,-0.43478003,0.6185324,-0.14893258
231,-0.028075993,0.4016148,0.54912925,0.62598217,0.44422615,-0.12800145,0.2405445,-0.2819733,-0.43049115,-0.31614697
232,-0.7545136,-1.2314827,-1.136982,-1.0375668,-1.6778027,-1.8012875,-0.96976316,-1.2174448,-1.4980735,-1.4795635
233,-0.9408822,-0.54981506,0.5557614,-0.19368502,-0.21329626,0.21674365,-0.36890066,-0.48780093,0.8644941,0.020425528
234,-0.21351612,-0.18907213,-1.2426468,-0.9363446,-0.5280224,-0.45337796,-0.05953926,-0.14960359,-0.6774205,-0.99269617
235,-0.3769607,-0.0847196,-0.14787829,-0.4572513,-0.73087513,-0.25576448,-0.91016245,-0.242589,-0.269804,0.23692906
236,-0.8157358,-0.8908678,-1.0832473,-1.2732652,-0.32734084,-0.724734,-1.200196,-1.3070424,-1.4301645,-1.1919482
237,-0.11987388,0.04811895,0.020618439,-0.012373686,0.47154433,-0.3562305,-0.12934577,0.46849716,0.16860867,0.4280268
238,-0.75742215,-0.4998172,-0.45445448,-0.24893373,-0.14796305,-0.84066474,-0.42549524,-0.23779657,-0.12457207,-0.6268081
239,-1.6027529,-1.7609189,-1.9375124,-1.6438148,-2.209344,-2.5371833,-2.1943767,-2.8199098,-2.1755736,-1.8817219
240,-1.0945191,-1.726422,-1.2019123,-0.18946886,-0.43288368,-0.5438323,-1.331421,-1.1466594,-1.6375148,-1.3287947
241,-0.565794,-1.088428,-1.2994376,-0.99737227,-0.73759544,-0.9767979,-0.97701997,-1.1550908,-1.115079,-1.4411287
242,-1.3286071,-1.6111112,-1.7258508,-1.5323461,-1.5198491,-1.658865,-1.3918295,-1.5055132,-1.6354868,-1.5649221
243,-1.7072098,-2.3302047,-1.1137657,-1.8479586,-1.6480312,-2.9523468,-1.8298316,-0.81585646,-2.1477668,-2.0367846
244,-1.4611831,-1.3886307,-1.1087825,-1.7611363,-2.1498196,-0.6627345,-0.68992954,-1.7036102,-1.1776726,-1.1260073
245,-0.6916697,-0.62439966,-1.2104123,-1.2397649,-1.4916172,-1.5958405,-1.4086714,-1.0560291,-1.8192797,-1.4158901
246,-0.53219056,-2.1411307,-1.6009026,-1.0484707,-0.7537472,-0.7564012,-0.0024290085,-0.063851595,0.028309822,0.2374618
247,0.15264857,-0.34336573,0.41485184,-0.25733656,-0.43429828,-0.66171837,0.29317665,0.5324383,0.78590727,0.34467208
248,-1.2555232,-1.3758984,-1.3940883,-0.3481331,-1.5136269,-0.9967699,-0.34403968,-0.98338044,-0.77204764,-0.38249105
249,-1.1942743,-2.3457048,-1.2974796,-2.0066688,-1.2195952,-1.6528739,-1.4611042,-2.131864,-1.4779608,-1.9701135
250,-1.0000745,-0.89858395,-1.1394607,-1.2940934,-0.9286884,-1.2492748,-1.0479692,-1.0687823,-0.7050998,-0.7344785
251,-1.7801652,-2.0517824,-2.1725984,-2.4454699,-1.6559093,-2.281973,-1.884153,-1.984528,-2.3236606,-1.2645495
252,-0.44899702,0.07260126,-0.11195266,0.28109658,-0.4712876,0.098219156,0.34308943,-0.021874905,0.42656952,-0.41226757
253,-0.15233633,-0.60729545,0.15323317,-0.46395382,-0.39070642,-0.1775688,0.1091969,-0.11581248,0.090787075,-0.1901325
254,-3.2125497,-2.908354,-1.8927932,-3.7007294,-2.749716,-2.604816,-3.2911227,-2.598561,-3.4873857,-2.342173
255,-3.1378896,-2.6626081,-3.149117,-3.5870485,-3.3473299,-3.067925,-0.9305614,-3.1840744,-1.1307315,-2.7869177
256,0.18388313,-0.7490535,-0.7411779,-0.82050854,-0.5346323,-0.7344513,-0.4088933,0.24480939,-0.6840757,-0.8385891
257,-1.7656381,-1.4871444,-1.5510044,-2.150977,-3.186961,-3.6042144,-1.4025452,-2.8949437,-1.8466439,-1.4698843
258,-1.0787281,-0.53279626,-0.411245,-0.9240458,-0.31939164,-1.4220964,-0.26533642,0.06107056,-0.11517857,-0.28920567
259,0.08352214,0.59931284,0.25688678,-0.56667966,1.072427,0.9641455,1.1019527,0.48464078,0.8809222,0.40618572
260,-0.35536158,-0.70830595,-0.3489313,-0.121798456,-1.1726751,-0.6030732,-0.15308666,0.05221349,-0.4764437,0.026238017
261,-0.27674556,0.5120012,-0.38779175,0.33798504,0.69560117,0.3736732,-0.44992608,0.19612253,1.491316,1.1993783
262,-2.016553,-1.2211089,-1.3714452,-2.2844696,-1.549932,-1.5503975,-1.6308959,-2.4647582,-1.9918574,-2.0351198
263,-1.448695,-1.4179785,-1.9407046,-1.3874421,-1.5460521,-1.6729214,-1.3119028,-1.4166977,-1.6348244,-1.5275257
264,-1.1491396,-0.5909364,-0.14719951,-0.51957494,-1.4281203,-1.185346,-0.1592859,-1.227114,-1.1227456,-0.63041806
265,0.6095427,0.6573446,0.4153154,0.95969385,0.67564034,0.50388443,0.71965927,0.23475607,0.797075,0.82812494
266,-0.061382174,0.1127975,0.6915886,-0.46494317,0.41274214,0.034991503,1.0027043,-0.040154725,0.33727348,0.2088182
267,-2.4936688,-1.9733746,-2.3097653,-2.13547,-3.1077113,-3.1510587,-2.6543174,-1.9501517,-2.5187504,-2.4937716
268,0.6435823,0.05931604,0.47552174,0.31764653,0.39363694,0.3284986,0.667398,0.29300854,0.33902395,0.1768379
269,-0.6744225,-0.55833566,0.19091475,-0.9914329,-0.53209925,-0.35698718,-0.60989153,-0.9497453,-0.73268557,-0.7229134
270,-1.7245064,-1.5840781,-1.4604876,-1.5446644,-1.7479016,-1.2401481,-1.54676,-1.740381,-1.7471896,-1.6705709
271,-0.34656158,-0.5578601,-0.89369863,-0.223176,-0.46461332,-0.8584817,-1.2413385,-0.7233101,-0.6920311,-0.71273595
272,-0.24352908,-0.4711405,-0.23771027,-0.78131616,-0.59128684,-1.1889911,-0.51746583,-0.09167057,-0.542845,0.10885647
273,-0.35891443,0.005272407,0.025825083,0.1851487,0.37483573,-0.21374887,-0.13718247,0.30650663,-0.23590308,-0.111450076
274,0.32793236,0.28051725,0.67222637,0.021508873,0.11182165,0.36205178,0.07246074,0.33045262,-0.13827142,0.31864145
275,-1.0787913,-1.1239765,-0.6766521,-1.2425586,-1.2622856,-1.2888733,-1.016491,-0.7682078,-0.88459873,-1.1186533
276,0.13272679,-0.7077929,-0.1483289,0.032478422,-0.4395839,-0.14202672,0.4207311,-0.16010553,-0.23507869,-0.06757808
277,0.19304247,1.0454872,0.115309075,-0.002905503,0.48342934,0.16580895,-0.14154142,-0.05974555,0.37647432,-0.038070157
278,0.20827493,0.5634382,0.2407003,0.03162445,0.5281311,-0.20754907,0.19316426,-0.2568115,0.110364854,0.02097036
279,-1.0083059,-1.4495165,-0.6036002,-0.58735967,-0.18869668,-0.45976925,-0.4491197,-0.52407205,-0.7562927,-0.22626662
280,1.3124187,1.4831275,0.8823042,0.8569651,0.9574585,1.5534883,1.4417318,1.2466235,0.7478095,1.5260105
281,0.6107063,0.099371225,0.17555547,0.030424833,0.2392155,0.08587837,-0.21693122,0.6150974,0.089740396,0.1471765
282,-0.6246474,-0.68446064,-0.5707516,-0.80469644,-1.3166618,-0.46432227,-0.20357853,-0.5040852,-0.29254097,-0.5431237
283,-0.44318813,-0.20880055,-0.18203548,-0.40689322,-0.59240943,-0.78780484,-0.12624729,-0.35576835,0.1513226,-0.46936315
284,-0.021477468,-0.5578377,-0.033879697,-1.2960073,-0.7688155,-1.0078564,-0.78193164,-0.46955585,-0.024074316,0.084611654
285,-1.6249913,-0.44779837,-1.3729643,-1.0562749,-1.7321572,-1.4100175,-2.0159826,-1.5316374,-0.5832777,-2.0742393
286,-2.1904097,-1.2714031,-1.7679765,-1.4516282,-1.8264453,-1.4302797,-1.2670188,-1.8777373,-1.0304382,-1.4153733
287,-1.358118,-1.0943089,-0.827862,-0.9537538,-1.087582,-0.45147812,-0.7891888,-1.4293159,-1.9013617,-1.1647179
288,-0.42756104,-0.9666302,-1.0580394,-0.33952737,-0.8240881,-1.662286,-0.9270649,-1.0743392,-0.11585605,-1.4478912
289,-0.659989,-0.2857251,-0.019060142,-0.31309798,-0.593256,-0.48054704,-0.46855682,-0.5947478,-0.4282057,-0.5553576
290,-0.7285677,-0.54346955,-0.5353576,-0.64159167,-0.4540347,-0.5336545,-0.5639801,-0.7481353,-0.68943006,-0.7120733
291,0.2676565,0.37533063,0.21574534,0.17245473,0.19297934,0.2586984,0.4109295,-0.2708435,-0.009023309,0.263404
292,-2.1286142,-1.8441035,-1.2122983,-1.7767395,-1.3660154,-1.5666331,-2.1994462,-2.121959,-1.7774112,-1.5716363
293,-0.033419967,-0.3615417,-0.47504985,-0.4889466,0.19363165,0.14376834,-0.19326824,-0.27260858,-0.098848015,0.11789784
294,-0.038505837,-0.09036751,0.006316364,-0.10773299,-0.85745287,0.26552454,0.17864168,-0.27416128,-0.15898539,0.48389444
295,0.7142712,0.61315197,0.456995,0.5044913,0.8911874,1.1684331,0.79751134,0.7863835,0.9175482,0.23647764
296,-0.10206223,0.35274947,0.0013211444,-0.15913066,-0.19471744,0.041971505,-0.03285668,0.10073915,0.03425637,0.13884866
297,0.749641,0.24015653,0.028716743,0.71711135,0.48378587,0.70555186,0.22397399,-0.16180676,0.57074493,0.36946127
298,-0.29149005,-0.6794666,-0.53892803,-1.1457291,-1.0794151,-0.71165216,-0.6312245,-0.9094389,-0.84561217,-0.73286736
299,-0.28450653,-1.0023268,-1.1836135,-1.2643533,-1.1489398,-0.31271374,-1.1454253,-0.1754106,-0.68560886,-0.29208964
300,-1.4101139,-1.8897203,-2.0951328,-2.3452673,-1.9572507,-2.5879989,-2.6452231,-2.1712887,-2.4227476,-3.296246
301,-1.1973919,-1.0243545,-1.5249104,-1.1089065,-1.1800734,-1.2778854,-1.6916838,-1.6417319,-1.3065828,-1.1307418
302,-0.63927287,-0.7300194,-0.6016806,-0.5072127,-0.57205,-0.79080653,-0.42945468,-0.4868909,-0.6308681,-0.60569745
303,-3.0581522,-3.0711756,-2.903743,-2.40782,-2.7245727,-2.5312068,-2.1413417,-1.6493838,-1.8063931,-2.2028947
304,-2.8067055,-3.053919,-2.045035,-2.9325743,-2.3411915,-1.988395,-3.1024556,-2.5705032,-2.9616504,-2.5988448
305,-1.1184623,-1.5725846,-1.5337313,-1.1133142,-1.1467581,-1.0799196,-1.4013894,-1.1910948,-1.2446041,-1.2327312
306,-1.2400892,-2.0372686,-3.2178094,-2.2785249,-2.1726453,-2.448268,-2.679061,-1.7775412,-1.2649312,-2.2642617
307,-1.0729138,-1.3406296,-0.63716644,-2.064612,-2.0883489,-2.0209455,-0.95228386,-1.3858252,-0.95662785,-1.0863892
308,0.67919934,1.0178893,0.9442148,1.3441999,0.65283984,0.7421963,0.37970543,0.8716334,0.14904359,1.1551454
309,0.57748896,0.7586873,0.8227584,0.21304607,0.19167292,0.46231878,0.16015494,0.9646572,0.70417327,1.0369779
310,0.8011799,0.24366412,0.52721274,0.53006166,0.9398803,0.83159673,1.0784038,0.43638754,0.331599,0.3730106
311,-1.6910156,-2.015332,-1.7236122,-2.208777,-2.0219884,-1.8299702,-1.7041353,-1.7750065,-1.4144993,-1.7415639
312,-0.50355464,-0.5800609,-1.2062263,-1.5096568,-0.3633716,-0.666576,-0.568453,-1.1531351,-0.5686201,-0.84952414
313,0.4946224,0.069682896,-0.0003386438,-0.3390062,-0.021725655,0.5152286,0.56341803,-0.7348479,-0.5077769,-0.35973817
314,0.39511934,0.21056671,-0.47434646,0.42812046,-0.029826045,0.011989117,0.13306294,0.59489477,0.22721407,-0.6327815
315,-1.2111714,-1.3241307,-1.1016072,-1.37875,-1.0538375,-1.2418164,-1.1521546,-1.054965,-1.3006613,-1.0831935
316,-1.4961902,-1.6303297,-1.672888,-1.3612272,-1.8434018,-1.5854671,-1.7735639,-1.2065611,-1.3532054,-1.6055931
317,-1.6497276,-1.4732761,-1.7939068,-1.6695577,-1.7848184,-1.7340367,-1.8562595,-1.7683923,-1.6523304,-1.6449986
318,-1.5786365,-1.8960242,-1.4237591,-1.6360576,-1.5219265,-1.7218006,-1.5596097,-1.4269031,-1.4442859,-1.1237156
319,0.014269114,0.121484876,-0.22333097,0.4583842,0.39975327,-0.26811802,0.15559927,0.07389456,0.23649871,0.3197509
320,-0.5055016,-0.55910337,-1.307388,-0.58278626,-0.9791666,-0.6720229,-0.99217814,-0.69262946,-0.80112433,-0.9244238
321,-0.6824624,-0.6131487,-0.8067135,-0.44847935,-0.48919344,-0.4578895,-1.0744328,-0.6332287,-0.5753143,-0.8632536
322,-0.27548864,-0.23160815,-0.6156315,-0.52801126,-0.745935,-0.2748331,-0.19551909,-0.29394764,-0.0638127,-0.20661831
323,-0.4258591,-0.244874,-0.068599075,-0.2620979,-0.63764447,-0.57195264,-0.25380117,0.07804425,-0.28052694,-0.19578397
324,-1.4459326,-1.1232914,-1.2537817,-1.239884,-1.3816141,-1.3482987,-1.2432387,-1.644884,-1.3042209,-1.5848347
325,-0.9289359,-0.6679146,-1.1792234,-0.85525703,-0.8012681,-0.7463987,-0.58004797,-0.5601715,-1.1432742,-0.59641784
326,-0.3213868,-0.22787818,-0.43632734,-0.44580108,-0.46300524,-0.66945475,0.16532159,-0.70316666,-0.6050626,-0.57317555
327,-0.5621634,-0.1242584,-0.5248189,-0.16681206,-0.2982688,-0.649654,-0.76938164,-0.5584709,-0.4896596,-0.85944116
328,-0.26760188,0.08317754,-0.36211938,-0.2604904,-0.105389744,0.06608588,-0.16005489,-0.008455947,-0.12883306,-0.47950664
329,0.09093374,-0.30699143,-0.08430791,-0.46531203,0.08200151,-0.25305343,-0.16224545,-0.35395706,-0.22957659,-0.1619619
330,-0.57947826,-0.16366655,-0.118187964,-0.6005711,-0.0759885,-0.18625982,-0.2906891,-0.18635419,-0.21106839,0.03859386
331,-2.432645,-1.904757,-2.8846993,-2.4334881,-2.5288877,-1.9919089,-2.1439505,-2.164061,-2.3114092,-1.6678576
332,-0.5818596,-0.8388119,-0.9207002,-0.88737726,-1.4203811,-1.3775616,-1.0403349,-0.24923468,-1.3706158,-0.6626327
333,-1.109002,-0.7399626,-1.1235825,-0.88417625,-1.0080357,-0.81429374,-1.0298296,-1.0042121,-0.9123308,-0.91411173
334,-1.2398418,-1.4114565,-1.284507,-1.1047876,-1.1607504,-1.3062835,-1.4257478,-1.3862073,-1.4296688,-0.931813
335,-2.1937952,-2.9531832,-2.2869363,-2.9122121,-2.7172203,-2.0453744,-2.1912603,-2.834962,-2.4834375,-2.6135235
336,0.16209126,-0.33227682,0.20020247,-0.12875128,-0.12640023,0.2489829,0.05618742,0.15031004,0.2928506,0.087940454
337,-1.0728617,-0.5931597,-1.084095,-1.1654795,-1.2072318,-0.8938997,-1.6872149,-1.1088831,-0.96277773,-1.2152058
338,0.023663878,-0.16272247,-0.14453405,-0.2422303,0.13831896,-0.42983615,-0.13094997,-0.0922997,-0.11730826,-0.16519809
339,-0.68191123,-0.73255205,-0.6403307,-0.94906914,-0.4878744,-0.81243086,-0.7083154,-0.7127977,-0.59460354,-0.72509325
340,0.35527286,0.63959605,0.69036067,0.6707849,0.71007836,0.44445777,0.61717045,0.6465958,0.62377304,0.63459194
341,0.48586032,0.24960373,0.29732,0.3610357,0.43162984,0.3074913,0.555534,0.2911801,0.1660616,0.15103434
342,-0.03802848,0.349756,0.024999991,0.1808046,-0.22888295,0.37915945,0.0064660013,0.13168228,-0.43666565,0.3371873
343,-0.23461878,-0.13145956,-0.04344499,-0.29569685,0.12518376,0.693279,0.44412452,0.5924289,0.26039103,-0.0041793585
344,1.2631814,1.5385172,1.378542,1.2903363,1.5195429,1.6074333,1.6193095,0.7379156,1.2372154,1.6769818
345,-0.27424183,-0.2715413,-0.5343176,-0.52417135,-0.69654787,0.23954219,-0.29983664,-0.22320716,-0.033287168,-0.5669062
346,-0.507931,-0.74270135,-0.7042593,-0.7095748,-0.7411967,-0.7047479,-0.59065384,-0.7823203,-0.62070185,-0.25637245
347,-0.1398344,-0.7860085,-0.3634765,-0.6684071,-0.3801834,-0.5294857,-0.23487353,-0.38980067,-0.7096655,-0.5955834
348,-1.0361923,-1.0504091,-1.1805525,-1.0619702,-1.3666673,-1.1477802,-0.85653853,-1.4931239,-0.9717289,-1.3731506
349,-0.21245554,-0.18457958,0.082695305,-0.06884156,-0.23304446,-0.31236002,-0.19763425,-0.34302074,-0.2216816,0.073566735
350,0.36245903,0.20236896,0.7377,0.5891565,0.27307296,0.5616187,0.436243,0.36118063,0.008074189,0.413705
351,-2.2712026,-3.4069753,-1.7627804,-4.719788,-3.6808822,-3.335776,-3.6127007,-2.8388524,-3.0053387,-3.6149192
352,-2.372363,-2.6185913,-3.3277745,-2.3410625,-2.4053972,-2.5741975,-2.1649673,-2.5892847,-2.5308657,-2.374835
353,-2.3221655,-2.1000388,-2.1515365,-2.1231096,-1.590493,-1.3934466,-2.3491046,-2.294951,-1.4512663,-2.3068805
354,-2.3928547,-2.2751918,-2.0618958,-2.4056728,-1.9731536,-2.5257266,-2.551775,-1.1718229,-2.3845701,-2.574759
355,-1.5851476,-1.6203843,-1.1298954,-1.5159181,-1.487144,-1.2255908,-1.3398702,-1.5212363,-1.470996,-1.0960101
356,0.22918126,0.27594557,0.2386773,0.3850997,0.2024804,0.25672275,0.23216116,0.2614529,0.41007686,0.15101998
357,-0.45241004,-0.7920611,-0.3752663,-0.75596166,-0.66332984,-0.9870944,-0.27561647,-0.71073246,-0.77477366,-0.88276213
358,-2.7258928,-1.8368134,-2.5263977,-3.509812,-1.9107876,-2.841811,-2.2158616,-3.431381,-2.8267388,-3.0123765
359,-1.3657358,-1.2022415,-1.0803668,-1.1093876,-1.1052586,-1.5480255,-1.2777842,-1.2625251,-1.0063993,-1.4134026
360,-1.7387023,-1.7492876,-1.2260382,-1.7142605,-1.0199828,-1.3764923,-1.6123058,-1.1786413,-1.4084021,-1.7671317
361,-0.1233996,0.09560299,-0.15430547,0.7198181,0.14049557,-0.08799291,0.5049575,-0.3488589,0.18103138,0.15209045
362,0.4753288,0.042335898,-0.37901312,-0.26425642,-0.09216459,-0.4287488,-0.03511732,-0.23320144,-0.031698912,-0.2602089
363,0.0275985,0.59085864,-0.10641086,0.16157198,0.2357884,0.16097167,-0.04857123,0.020813875,0.08123496,-0.007122159
364,-0.8784413,-0.6673893,-1.1548344,-1.0959883,-0.9717613,-0.7980326,-0.5431992,-1.4361875,-0.47994184,-0.5649795
365,-0.03439477,-0.21489227,-0.010286659,-0.012850046,-0.09360927,-0.29432997,-0.20720628,-0.47682568,-0.22866851,-0.13830735
366,-0.33654112,-0.47647893,-0.30352,-0.5529665,-0.3782616,-0.3265053,-0.39587557,-0.5024874,-0.057935312,-0.47681344
367,-0.29540396,-0.4258783,-0.2305332,-0.3543781,-0.46427566,-0.50568783,-0.41926125,-0.7126614,-0.4928339,-0.27954504
368,-0.6129449,-0.5927346,-0.54860514,-0.43767834,-0.40673772,-0.3817852,-0.303271,-0.4367594,-0.7588108,-0.62118727
369,-0.47645438,-0.5111714,-0.32764328,-0.24201462,-0.19828436,-0.4989142,0.19495203,-0.4086485,0.13670115,-0.2637357
370,-0.99099773,-1.2156502,-0.8336364,-1.0572822,-1.0912032,-1.2496177,-0.9425409,-1.1060171,-1.0550427,-0.9687679
371,1.3030381,0.70897627,0.69839174,0.9677848,0.5375036,1.3517833,1.0395758,1.2080231,0.4831434,0.9303714
372,-0.44088408,-1.138567,-1.0076029,-0.51252514,-0.52526957,-0.8111113,-1.1033056,-0.7971655,-0.6391902,-0.9205428
373,-0.74585396,-0.89836013,-0.6383216,-0.88799006,-0.746045,-0.6666957,-0.6065086,-0.80281276,-0.9805584,-0.7899943
374,-0.5228615,-0.47195655,-0.3786496,-0.8899065,-0.20837024,0.054918416,-0.65522236,-1.0316124,-0.34809703,-0.65470725
375,-0.31248415,-0.19805118,-0.38473126,-0.18858168,-0.5065667,-0.20029995,-0.50220275,-0.36171797,-0.1931387,-0.6706032
376,-1.3246564,-1.6712866,-1.5108798,-0.872439,-1.075142,-1.2759019,-0.57833284,-0.9692107,-0.8776783,-1.133526
377,-1.3481971,-1.134315,-1.4083891,-1.1038915,-1.0524414,-1.4524971,-1.2432255,-1.1535131,-1.3204556,-1.1222179
378,-0.86946285,-0.4856183,-0.47534272,-0.62920153,0.020366132,-0.42245436,-0.4765358,-1.1159467,-1.1210191,-0.38211364
379,-0.4866734,-1.1565759,-0.35681713,-0.87749875,-0.61419636,-1.2477374,-0.7443135,-0.35833424,-0.87324035,-0.8113321
380,-1.1204878,-0.8058136,-0.74390864,-0.56412995,-0.8278643,-0.8607503,-0.61346215,-0.9522549,-0.78035766,-0.9499085
381,-1.5732708,-1.0652807,-1.5158253,-0.970722,-0.8582909,-1.0839968,-1.3835857,-1.0745308,-1.5058682,-1.2239764
382,-0.28144926,-0.5703105,-0.62002623,-0.54062104,-0.23097372,-0.40294796,-0.0991438,-0.12745827,-0.09127648,-0.3577382
383,-0.34855005,-0.47151685,0.006330043,-0.5861558,-0.5372483,-0.4440772,-0.5287044,-0.8426863,-0.5864306,-1.028059
384,-0.2974206,-0.07166183,-1.0975821,-0.7526398,-0.28604555,-0.49107426,-0.6727884,-0.5381454,-0.52292037,0.11371684
385,0.09143394,0.23837495,0.26325002,-0.37553334,0.24699241,0.40996695,-0.044391334,0.032828428,-0.47679487,0.26065862
386,-0.0127619505,-0.13319555,0.123459965,-0.27515173,-0.4227594,-0.5093386,-0.014500365,-0.61582375,0.05438132,-0.036118537
387,-0.7042519,-0.97101694,-0.9331602,-0.6504563,-0.59485,-0.676358,-0.6805097,-0.91783386,-0.51480484,-0.8749959
388,-0.84336686,-0.7677237,-0.6992469,-1.0852968,-0.83608854,-0.55283403,-0.682106,-0.51454824,-0.6289997,-0.6725813
389,-0.034970604,-0.08053517,-0.35798657,-0.09802061,0.119407535,-0.19373184,-0.4540173,0.3164283,-0.29129076,-0.3363625
390,0.0014797151,0.17161676,-0.28615242,0.39724606,0.10519534,-0.3106913,0.14733858,0.24891901,-0.042084515,0.54456186
391,-1.1386081,-0.6993242,-0.9077803,-1.2609887,-1.0153283,-0.78177917,-0.87509227,-0.7350523,-1.1945271,-1.2324182
392,0.2773409,0.12281126,-0.45340782,-0.7356935,-0.33301324,-0.23698446,-0.26972473,-0.1795601,-0.3591442,-0.029027104
393,1.2833004,0.2919814,-0.026272684,-0.17356598,0.3511628,1.1882739,0.30297017,0.597682,-0.008342981,0.6333115
394,0.6028133,0.19711265,0.9718389,0.5323911,0.42628878,0.16726884,-0.009371281,0.47435373,0.5946414,0.78213376
395,0.49797744,-0.029341727,0.18153384,-0.1159693,0.36786222,-0.11578414,0.25782657,-0.13690656,0.1322608,0.12941003
396,-0.833954,-0.9290613,-0.5940864,-0.39787853,-0.3273803,-0.90055215,-0.78352416,-1.2226079,-1.0646737,-0.57087815
397,-0.6715157,-0.98548603,-0.9345025,-0.31011403,-0.7218046,-0.5924438,-1.1165363,-0.53635263,-0.7309259,-0.41543514
398,-1.3033302,-1.0916679,0.32003012,-0.6714511,-0.90334994,-0.75543576,-0.8323368,-1.8498766,-0.8408927,-0.6374136
399,-1.3743875,-0.61724925,-0.75154006,-0.93308043,-1.0684631,-0.733832,-0.77396727,-0.6953192,-0.8416567,-0.8478829
400,-0.3637365,0.3636173,-0.2850306,-0.0029199123,0.0057365745,0.009102464,0.2716689,0.09295158,0.526271,-0.12111062
401,-0.33521056,-0.65430653,0.15650442,0.25032675,-0.30582038,-0.1857881,-0.0021119118,0.36792845,-0.2338121,-0.21808392
402,-1.6374227,-1.5436605,-1.6991667,-1.7836529,-1.5936067,-1.3754233,-1.6009574,-1.8164818,-1.7914689,-1.5378366
403,-1.0319159,-1.0162815,-0.5451283,-0.90210783,-0.6060479,-0.8684005,-1.3042347,-0.7680407,-1.0123509,-1.039325
404,-1.3477652,-1.160233,-1.0062665,-1.2606727,-1.3008926,-1.0079352,-0.14422509,-1.010801,-1.012836,-1.1300836
405,-0.88935435,-0.7134317,-0.8965172,-0.8753812,-0.8313183,-0.78644824,-1.036066,-1.204783,-1.023318,-0.6874115
406,0.14825591,-0.52167094,-0.12893754,-0.7073335,-0.058274865,-0.29170257,-0.28700477,-0.28168607,-0.13053629,-0.12357201
407,-0.35818475,-0.6711531,-0.345828,-0.4667699,-0.19865513,-0.57592165,-0.38331,-0.673337,-0.3050484,-0.39890328
408,-0.17820314,-0.037137218,-0.17735648,-0.19499378,-0.02898889,-0.027903184,-0.2411312,-0.12960035,-0.09108606,-0.34395447
409,-1.0622449,-1.0762436,-1.0244665,-1.3910133,-1.2674513,-0.6158036,-0.96875393,-1.1928356,-1.1298465,-1.6504195
410,-2.4562192,-1.6913316,-1.8255757,-1.8793912,-1.6252222,-2.1377375,-1.6684318,-1.9232352,-1.304776,-1.6588644
411,0.015975118,-0.13679588,-0.7180867,-0.59076643,-0.036802173,-0.41743314,-0.17553079,-0.30269778,-0.4122448,-0.25941992
412,-1.9259739,-2.4407113,-0.47495484,-1.3787851,-1.3720955,-1.1365074,-1.5006694,-2.8556075,-1.558548,-2.340868
413,-1.7972229,-1.5360317,-0.3948,-1.5239007,-2.0681872,-1.1759439,-1.4933323,-1.3919213,-1.4624101,-0.9293306
414,-1.5499567,-1.5435649,-0.9529338,-1.3317623,-1.4502558,-0.9216231,-1.3804477,-0.8061803,-1.2936044,-1.2504545
415,-0.3681075,-0.23250616,-0.5410304,-0.40740836,-0.26187617,-0.49267906,-0.40436786,-0.34739885,-0.31225252,-0.39483002
416,-0.47767434,-0.256931,-1.0434201,-0.47107708,-0.56337535,-0.44843584,-0.5181873,-1.0073836,-1.3065443,-0.7092383
417,-0.43972147,-0.04470718,-0.3856972,0.09235746,-0.5991913,-0.56203383,-1.2959895,-0.8154229,-0.9893288,-0.6410788
418,-1.3185773,-0.7309556,-1.0469034,-1.3312776,-0.9589059,-0.27855662,-0.5482644,-0.7271463,-0.9687748,-0.7792345
419,-0.8888023,-2.2471297,-1.6281149,-2.0572145,-2.816232,-1.5963011,-1.1604505,-1.795113,-0.28839576,-2.2163405
420,0.6513865,-0.6682664,-0.2742173,0.11848873,0.32858026,-0.33564138,0.49891,0.23228908,0.8455382,0.2389313
421,-0.20990303,-0.6419511,-1.4214135,-1.683871,-0.31084025,-1.150627,-1.0563589,-0.6351857,-1.8331537,-0.945588
422,-1.4099694,-1.82707,-1.9235342,-1.6690211,-2.2646914,-1.3784095,-0.77974963,-1.0488477,-1.3797228,-2.8520463
423,-1.4577768,-1.7721622,-2.1166525,-2.114321,-1.8602902,-1.5223405,-1.1176226,-0.91944164,-0.2626086,-0.4578035
424,1.1293529,0.712046,0.7837516,0.6394935,0.8140528,0.556045,0.43934235,0.9505129,0.6166748,0.5775886
425,-0.91353655,-0.77706563,-0.5737376,-0.59534895,-0.60137033,-0.60515344,-0.56400096,-0.7507876,-0.08739418,-0.7671376
426,-0.4198004,-1.1061976,-0.47618628,-0.46561396,-0.7929215,-0.4953963,-0.77630156,-0.52213514,0.30866063,-0.73781145
427,-2.6071424,-2.4238791,-2.2341502,-2.008452,-1.4929708,-2.22608,-2.0938344,-2.0660543,-2.5271044,-2.4760163
428,-1.4864321,-1.3049041,-2.194093,-1.5546427,-1.6946188,-2.3094635,-1.4883733,-1.58659,-1.3496906,-1.7288632
429,-0.49124384,-0.17894363,-0.7054436,-0.26236677,-0.35255864,-0.22215837,-0.69581825,-0.27337793,-0.29482687,-0.48444152
430,-0.88776255,0.010429375,-0.18720472,-0.27011973,0.42704007,-0.6951544,-0.7945609,-0.29646924,-0.040757537,0.3252649
431,0.5016618,1.1542861,0.70581675,0.20627409,1.1430558,0.30459908,0.7197114,0.47713974,0.39790916,0.37138963
432,-1.5929484,-2.9348495,-2.5735154,-2.3181489,-2.5971308,-2.7907739,-1.6474278,-2.4350357,-2.2925293,-1.8349794
433,-3.145976,-0.83175707,-3.031319,-1.3133656,-1.5171902,-0.9694909,-1.8065603,-1.1730125,-1.4061317,-1.6356504
434,-0.47272348,-0.42311868,-0.33474922,-0.18795526,-0.35046825,-0.116649896,-0.09663686,-0.49965453,-1.150725,-0.26170945
435,-0.38773674,-0.5702708,-0.09909552,-0.71053183,-0.0032161772,0.06286478,-0.22045068,-0.18338957,-0.26421118,-0.088483825
436,1.0969956,1.3421857,1.2958009,1.0332384,1.1195313,1.3149925,1.0867685,1.4206824,1.0547742,1.3474607
437,0.16282451,-0.28058258,0.84403825,0.5316988,0.066682726,0.2089746,0.2501961,0.78387785,-0.072375506,-0.54489815
438,-0.84429896,0.105100155,-0.4555832,-0.6268747,-0.62164164,-0.57239723,-0.45518598,0.12978056,-0.28805995,-0.803517
439,-0.28704435,-0.2636605,0.20530063,-0.2820825,-0.20054963,-0.30340505,0.32027143,-0.4290638,-0.103655145,0.008360282
440,-0.51205134,-0.38074312,-0.92982405,-0.93345654,-0.5898223,-0.66501606,-0.6325265,-0.7615176,-1.1131254,-0.8055127
441,-0.0930596,0.35453555,-0.078645885,-0.29000852,-0.10967824,0.33410126,-0.24283484,-0.41562682,0.12313664,-0.4188249
442,-1.1044109,-0.83476996,-1.332341,-1.3170096,-0.7535696,-1.8312898,-1.4937003,-1.1401385,-1.7903029,-1.0168972
443,0.7640303,1.0980526,0.9389262,1.4269178,1.177896,1.104192,1.308471,1.0127114,1.2955906,0.57703143
444,-0.38052654,0.30021665,-0.27204826,0.07935634,-0.050897457,0.0834707,-0.28389397,0.15729716,0.3555035,0.11214355
445,-0.4231045,-0.18234153,-0.20112474,-0.19868797,-0.3380361,-0.2857623,-0.3863637,0.22360367,-0.14249991,-0.08035275
446,-0.2566247,0.012825489,1.2315109,0.08119714,0.12179828,0.8999523,0.33466396,0.5517472,-0.036109194,0.11558241
447,0.21075952,0.2843725,-0.097096086,0.77672213,1.0228903,0.6021113,0.7685765,0.093082875,0.22474247,-0.077287644
448,0.7862481,0.9884423,0.5633317,0.6270454,0.6093885,0.7208244,1.1144966,0.52235407,0.38976118,0.9593158
449,0.022292674,0.022205949,0.1868546,-0.18974674,-0.25543952,0.14917383,0.10488516,-0.2852446,-0.26411065,-0.11399296
450,0.6205758,0.72301567,0.49570417,0.56871533,0.5196997,0.6875409,0.42986763,0.42740864,0.6189156,0.69081324
451,-0.53498065,0.59261876,-0.32308775,-0.19046724,0.67842853,0.80454105,0.72600365,0.08558571,1.0495889,0.2216649
452,-0.35913002,0.050091624,-0.47412524,-0.7377922,-0.29463893,-0.13488948,0.23616707,-0.8918183,-0.3485945,0.10352349
453,0.14704216,0.2625985,0.2468316,0.19662797,0.07716927,-0.038804293,-0.5655411,-0.13600223,0.7933238,-0.5520312
454,0.035161972,0.25230375,0.10208738,0.26189744,0.75889254,-0.11749411,0.06844115,-0.5317068,0.21610737,0.46891463
455,-0.31445402,0.052277684,-0.2064144,-0.12803769,0.87192917,-0.0606519,0.4536659,0.35998774,0.43145478,0.48770922
456,0.05647993,-0.9618459,0.2626052,-0.55324167,-0.7282295,-0.47922373,-0.59904504,-0.40328836,-0.60913044,-0.34931612
457,-0.4685017,0.00930655,0.45206308,0.5759337,-0.8508947,0.7113167,-0.3262831,-0.30331704,-0.15314245,0.10459721
458,-0.7492166,-1.11661,-1.3889775,-1.5501742,-0.8550891,-2.0017245,-1.2893707,-1.5022548,-1.2581829,-1.1083074
459,-0.7223194,-0.077232644,-0.37182266,-0.26984996,-0.24084936,-0.05197656,-0.33900082,-0.45903197,-0.31612295,-0.5768959
460,-1.6437359,-1.2145975,-1.4869696,-1.0824878,-1.1497806,-1.2223564,-1.142369,-1.1446434,-1.3187889,-1.0948836
461,-1.2508695,-1.6806554,-1.3861516,-1.1247592,-2.216567,-1.7827783,-1.0559838,-1.4981697,-1.917241,-2.087427
462,0.7273061,0.4762889,1.0249213,0.9673333,1.424561,1.2453537,0.5594251,1.5106134,0.89363945,0.93439424
463,-3.290391,-3.411366,-2.7483654,-2.7106817,-2.1971946,-3.5385928,-3.892891,-2.507163,-2.82756,-3.1374478
464,-2.7416356,-2.2017474,-2.4037514,-2.3100944,-3.0820806,-2.3668203,-3.2180386,-3.2845602,-2.9446669,-3.0325165
465,-0.78382313,-0.849697,-0.51948595,-0.4903769,-0.5030842,-0.799054,-0.75506973,-0.45426095,-0.93217134,-0.37209845
466,-3.0722756,-2.968506,-2.700342,-2.9588242,-2.7115555,-3.6254027,-2.381474,-2.0680053,-2.9341235,-3.2567887
467,-0.60953546,-2.0099332,-0.8217137,-1.1092219,-1.0200106,-1.8647436,-1.7288058,-1.4162426,-1.5381203,-1.6690527
468,0.8024978,0.36247241,-0.18326485,-0.13569358,0.1401971,0.28948504,0.3720474,0.37976435,0.5038357,0.55053073
469,-0.7986934,-0.6301429,0.031476676,0.21957338,0.43133497,-0.11778912,-0.72158253,0.17466547,-0.6133847,-0.1817931
470,0.1173241,0.17363946,-0.04794371,0.22241434,-0.3990754,0.26122513,0.20328823,-0.04637505,0.1503066,0.5412026
471,-1.3873458,-1.352957,-1.580307,-1.3434818,-1.7951738,-1.0737374,-1.7645352,-1.6314249,-1.0850999,-1.315414
472,-1.5102307,-2.300785,-2.2633286,-2.1692955,-1.8447142,-2.0898364,-1.6760706,-2.3878603,-1.9582301,-2.8881254
473,-0.10819769,0.32478207,0.67830646,0.34618008,0.070735514,0.6656137,-0.3363803,-0.5181367,0.14941418,-0.04232812
474,-0.54366016,0.13931043,-0.4899786,-0.49852788,0.8114764,-0.4541557,-0.5747724,0.10019489,-0.3292917,-0.391897
475,-2.2084143,-2.467765,-2.144155,-2.2521877,-3.171095,-2.1100054,-2.9473124,-1.927767,-1.9241524,-2.4132118
476,-0.65750045,-1.0453764,-0.9455775,-1.4826294,-0.73798484,-0.79291284,-1.9718722,-1.5594093,-1.4424921,-0.6638061
477,-3.8070288,-3.1602173,-2.4320354,-3.016273,-3.7023292,-3.8286915,-4.6586604,-4.186802,-3.965259,-3.9594846
478,-1.7071741,-2.5617127,-2.1005476,-3.0935202,-2.1495981,-2.5622025,-3.2506835,-2.173684,-2.4885168,-2.658196
479,-3.4034739,-1.9661385,-2.2805448,-2.953764,-3.1913874,-2.4092476,-2.82374,-2.119825,-2.1285753,-2.9756994
480,-0.6770761,-0.25402915,-0.23888922,-0.58449435,-0.95831585,-0.21036792,-1.3857207,-0.5035765,-0.6549115,0.15182757
481,-1.073581,-0.8181083,-0.85415715,-1.1540087,-0.6395303,-0.52710074,-0.19638753,-0.9455084,-1.0134807,-0.16121832
482,-1.783814,-0.92743754,-1.331585,-1.1792582,-2.164035,-1.3509835,-1.4179738,-0.36588907,-1.7478552,-1.1715747
483,-2.0321617,-1.9250618,-2.9366324,-1.6939101,-2.07164,-2.3793936,-2.197443,-2.4187527,-1.9649571,-2.5747814
484,-2.1014893,-2.2241294,-1.126989,-2.4191918,-2.5121307,-1.9981351,-1.2398735,-2.2250009,-1.3123695,-2.8962367
485,-2.381641,-2.4163947,-2.6052756,-3.3116026,-2.129558,-2.0090914,-2.363477,-2.5397668,-2.7962139,-2.8726637
486,-0.15657243,0.31097203,-0.5671732,-0.11425221,0.1692324,0.080378294,-0.15180501,-0.52337587,0.10727686,-0.82164735
487,-0.7751633,-1.0364877,-1.5236967,-0.9428342,-1.3686866,-1.5327042,-1.2000494,-0.94296044,-1.0262332,-1.2941437
488,-2.7740822,-2.7168496,-2.8164744,-3.59198,-2.873209,-2.4460475,-3.240571,-3.0276728,-3.7602267,-3.9507341
489,-0.08130896,-1.1537168,-1.3813531,-0.35741282,-0.9447661,-0.93111897,-0.9417825,-0.9637079,-1.4913083,-0.92059743
490,-1.8070052,-2.9065018,-1.5378723,-2.079601,-1.8972844,-1.7935196,-2.724336,-2.4967048,-2.8895545,-2.8616962
491,-1.3656895,-1.3733099,-1.1692984,-1.8671482,-1.0281849,-0.62959087,0.09741008,-0.4208511,-0.37247598,-0.8940686
492,-2.1586502,-2.2754474,-2.291975,-2.5028749,-2.0505614,-2.6519608,-2.1633506,-1.7589422,-1.4399056,-1.5448604
493,-0.7113758,-1.1305289,-1.4508814,-1.1794853,-0.52542263,-1.6396877,-1.0436798,-0.7409382,-1.3692397,-2.179692
494,-1.8871741,-1.6368729,-1.4938302,-0.80912757,-0.89547026,-1.3010558,-1.6643625,-1.3847933,-1.9855776,-1.3807445
495,-1.264005,-1.3250577,-1.3241396,-1.8459115,-1.294951,-2.0423498,-1.3724234,-2.0856314,-1.4065036,-1.014975
496,-0.9392916,-0.93909097,-0.9565004,-0.5807998,-0.62205344,-1.314427,-0.6024016,-1.3656094,-0.6112774,-0.8326572
497,0.013518393,0.18081594,-0.094007194,0.056694746,0.44398832,0.17457479,-0.055119514,0.37788653,0.027296841,0.5111627
498,-0.3472844,-0.6939323,-0.9615637,-1.0004437,0.0814106,-0.8477974,-0.714324,-0.83276045,-0.71718705,0.13565983
499,-1.5577527,-1.0835617,-1.3980148,-1.1985061,-1.1954873,-1.6005486,-1.7928162,-1.1025255,-0.908673,-0.9015794
500,-1.1921568,-1.1371701,-1.4688859,-1.3859913,-1.4930648,-0.9662185,-0.7767685,-1.1394614,-0.8830131,-1.3376043
501,-3.5193849,-2.9064584,-2.5717802,-2.6028423,-3.1782749,-3.5006108,-2.577889,-3.0901458,-2.4714172,-2.013662
502,-3.05973,-3.2877526,-2.1875803,-2.812641,-3.4168048,-2.986344,-2.4789557,-2.7300155,-2.5603585,-3.392287
503,-3.7063017,-3.35108,-3.5438926,-2.8555593,-3.2507787,-3.3526015,-4.3217573,-2.91957,-2.9634652,-3.0723891
504,-0.8353009,-0.10638821,-0.5286314,-0.8535825,-0.4785477,-1.031031,-0.97813153,-0.25328493,-0.61085427,-1.3466382
505,-1.8303423,-2.7199936,-1.2601676,-2.246425,-1.8297678,-1.7677981,-1.3878393,-1.9006445,-1.3624866,-2.3559015
506,-1.5060625,-1.7668586,-0.9014124,-0.966444,-1.0231028,-0.5537071,-0.31693697,-0.9608091,-0.63258016,-1.2757586
507,-1.2527509,-1.4543735,-0.9383217,-1.1750281,-1.5393784,-1.137378,-0.9977173,-1.2814252,-1.5106107,-1.4835756
508,-1.0611258,-1.185322,-1.1332302,-0.6747082,-1.1650088,-0.6065486,-1.0092402,-0.8577471,-1.1921091,-0.75973535
509,0.4417945,0.11597246,0.3367864,-0.20750463,0.23596084,0.090895176,-0.25276327,0.49040955,0.24871492,0.022987366
510,-1.7296243,-1.2393212,-1.5182095,-1.775397,-1.3095539,-1.6789746,-1.6932234,-1.8408065,-1.4373207,-1.7861503
511,-1.4048964,-1.7941319,-1.5503352,-1.3900934,-1.253205,-1.0472087,-1.4141985,-0.8882004,-0.9721587,-1.427217
512,-1.6988794,-1.1666548,-1.308502,-1.0763792,-1.4682661,-1.4912035,-0.9828651,-1.0008409,-1.4396145,-1.1301186
513,-0.52593124,-1.0997125,-1.0538852,-1.0474988,-1.009985,-1.3414772,-1.2364233,-1.4689188,-1.1791384,-0.98874044
514,-1.8342354,-1.7399442,-2.2405398,-2.166982,-2.0964518,-1.7330582,-2.0489354,-1.7021186,-1.8673016,-2.0806541
515,-1.5396435,-0.43340495,-0.18641171,-1.0482526,-1.2791091,-1.0865626,-0.5503876,-1.4957862,-1.3705593,-0.78824055
516,-0.51975596,-0.8753994,-0.14818826,-0.44561982,-0.53577477,-0.20490496,-0.30197504,0.037914395,-0.7673203,0.0064283013
517,-0.97356135,0.025446966,-0.80834293,-0.41606194,-0.21988976,-0.45429662,-0.60227126,-0.3791256,-0.45399272,-0.18558271
518,-1.0996494,-0.46459815,-0.056640923,-0.90153086,-0.4168638,-0.3435688,-0.7822081,-1.065229,-0.7201224,-0.50014985
519,-2.7219415,-2.690717,-2.4118981,-2.5805073,-2.554717,-2.116772,-2.3028316,-2.0034025,-1.9069536,-2.4985738
520,-2.65261,-2.1862125,-1.469061,-2.6800966,-1.8449471,-1.9860355,-2.0969133,-2.3525348,-1.2605966,-2.4356332
521,-3.0662465,-3.194949,-2.9285088,-2.3177423,-3.318821,-3.4634178,-2.024358,-2.8758342,-2.8643901,-2.2758455
522,-1.7285764,-1.4811676,-1.461967,-1.3358107,-1.4071172,-1.8071994,-1.4638395,-1.6095132,-1.8881525,-1.2840145
523,-2.5635848,-2.9960399,-4.0715747,-2.417522,-3.0012858,-2.6707978,-4.0315285,-2.8841155,-3.399573,-3.5444968
524,-2.0397873,-1.8514036,-1.462791,-1.6183141,-2.1706164,-2.1880722,-1.5850468,-1.8064129,-2.0342088,-1.8114843
525,-1.0938795,-0.67950225,-1.1342483,-1.2141148,-0.37749472,-1.1244916,-1.6022655,-0.59463084,-1.2292356,-0.88873935
526,1.0208149,1.2047634,1.1139188,0.9132249,0.7029711,0.66517997,1.3289814,1.0027206,1.4864295,0.9312083
527,0.60713136,0.45757595,0.6410701,0.30703986,0.3411471,0.5291822,0.21887007,0.5019239,0.5682065,0.41968548
528,-0.4837948,-0.8795663,-0.56595784,-0.5380003,-0.69913876,-0.56458193,-0.50860596,-0.862629,-0.9696196,-0.7710004
529,-1.3604778,-1.4576657,-1.0447356,-1.2678425,-1.4942307,-1.5515532,-1.1578612,-1.0045242,-1.6745509,-0.9650237
530,0.20077655,0.33650172,0.37633562,0.22433262,0.30333573,0.2316097,0.30197048,0.15752453,0.2952361,0.42022103
531,1.0622697,0.58900744,0.6506567,0.7260465,0.33058554,0.264998,0.32804272,1.1445422,0.4776884,0.48168352
532,-2.1176016,-2.181151,-1.9274232,-2.551908,-1.9620608,-1.9868181,-1.7047422,-2.1802537,-2.2724807,-2.0756667
533,-0.37305808,-0.9102845,-0.64494103,-1.1437478,-0.9904128,-0.18987226,-1.1599842,-0.64884305,-0.62234384,-0.062483132
534,-0.35379004,-0.10322702,-0.24592179,-0.6191056,-0.5863602,-0.5681306,-0.3004652,-0.5082315,-0.453521,-0.68646073
535,-0.2515321,-0.18964681,0.10073233,0.15080595,-0.33780968,-0.29399762,-0.106731325,-0.15821925,0.15043318,0.043655515
536,-1.3638244,-1.4711767,-1.2554367,-1.7306235,-1.3023095,-1.071794,-1.3899326,-1.4005377,-1.3824698,-1.1311685
537,-0.73926705,-0.5387058,-0.4751737,-0.42419028,-0.37812567,-0.4544313,-0.45326972,-0.46569157,-0.8217399,-0.7916775
538,-0.81336826,-0.8023181,-1.1583858,-1.4909872,-1.1329659,-1.0018995,-0.97177494,-1.0069425,-0.86253107,-0.9817424
539,-0.8108723,-1.0958997,-0.88802034,-0.7798752,-0.7894944,-0.5754943,-0.3218577,-0.91865796,-1.0213444,-0.46021092
540,0.093407035,0.22751188,0.2633582,0.32548308,0.08064914,0.3453856,0.22733139,0.20826656,0.3162713,0.28285035
541,-1.0822935,-0.8686218,-0.8167853,-0.8947631,-0.7393802,-0.9519471,-0.7995776,-0.7331949,-0.79065895,-0.9479768
542,-1.1999431,-2.0214589,-1.892725,-1.6751528,-1.947061,-2.1200063,-1.3572661,-1.9356041,-2.17485,-2.0456142
543,-1.2536019,-2.2809014,-1.0504476,-1.9054269,-1.8269033,-1.5758194,-1.5788702,-1.6125269,-1.6174971,-2.110705
544,-2.2298074,-1.3630105,-1.4280128,-0.8161514,-1.1179897,-0.85372865,-1.4989932,-1.1348186,-1.8155339,-1.4897934
545,-0.78849983,-1.082515,-0.8480742,-0.75709057,-1.0010463,-0.66797274,-0.73129904,-1.0319009,-0.8934333,-1.2405396
546,-1.3568332,-1.3661621,-1.428381,-1.512857,-1.2189289,-1.4170318,-1.735163,-1.4328794,-1.2471325,-1.2979796
547,-0.22694278,-0.084338784,0.015283585,0.3838908,-0.010540366,0.3284591,-0.15476757,-0.028020155,-0.011604428,0.1514339
548,-2.2351809,-2.3462763,-2.3367617,-2.5391374,-2.7383637,-2.709919,-2.7710118,-3.4148936,-2.2109232,-2.799858
549,-0.6429543,-0.19401383,-0.60670865,-0.20511508,-0.2418252,-0.6054392,-0.71890515,-0.69133884,-0.352169,-0.081384
550,-0.012165457,-0.04151371,0.054048035,0.037617534,0.11515491,-0.17268232,-0.038250253,0.044052653,-0.056567997,-0.13994734
551,-0.3454619,-0.1636656,-0.42231718,-0.2207773,-0.23147376,-0.27034724,-0.37040514,-0.25226042,-0.20744647,-0.26891428
552,-0.92001194,-0.6690376,-0.5462538,-0.72412056,-0.13181508,-0.70323145,-0.4805416,-0.42585075,-0.5319072,-0.4747876
553,-1.1421635,-1.5148736,-1.4284725,-1.4516075,-1.4400423,-1.1422939,-2.0642123,-1.5694966,-1.1254127,-2.028221
554,-1.1521928,-1.1184028,-1.6892223,-1.2144625,-0.5357809,-1.6011423,-1.2042408,-0.7085254,-1.3263836,-1.3349047
555,0.36346367,0.5216962,0.4225133,0.19048688,0.4345976,0.4463881,0.35576475,0.62840605,0.42221028,0.2756993
556,-0.2239702,-0.36180383,-0.21761306,-0.41764396,-0.3526018,-0.37115225,-0.5169713,-0.45828855,-0.18058825,-0.27674675
557,-1.4219397,-1.4193201,-0.98076737,-1.1606247,-1.2337191,-1.2876345,-1.7354648,-0.6574672,-0.93805,-1.1906986
558,-0.56434727,-1.7260287,0.13333166,-0.8014647,-1.2447655,-0.47291112,-1.3437278,-0.659078,-0.94965005,-1.3115659
559,-1.0149325,-0.7286435,-0.97509086,-0.84497577,-0.8919063,-0.8092444,-0.35037297,-0.79507685,-1.1114044,-0.95698917
560,-1.141181,-0.771654,-0.77898395,-1.2116826,-1.0766845,-1.3553483,-0.7965695,-0.6913225,-1.6895026,-0.6701182
561,-1.3842558,-0.5481967,-1.6701583,-1.627499,-1.813957,-0.9417316,-2.0626843,-2.5671797,-1.9272273,-1.363212
562,-1.3343899,-0.5503651,-1.7274909,-1.902304,-0.7516079,-1.3656683,-0.5075904,-1.0483586,-0.93582594,-1.4589645
563,-0.8484228,-1.6778867,-0.13502443,-1.8616668,-1.6359729,-1.7615372,-1.5978211,-1.1713561,-1.4558553,-1.1354884
564,-0.07638857,0.043700546,0.026180506,-0.09654987,-0.036530256,0.17012894,-0.032390386,-0.01690203,-0.26398104,0.01468581
565,-0.83489907,-0.67793316,-0.7069277,-0.6866993,-0.29956365,-1.2027493,-0.25233984,-0.10759851,-0.66832674,-0.47408602
566,-1.1304945,-0.8918414,-0.8115956,-0.9536891,-1.1149951,-1.6035758,-1.043527,-0.9152856,-0.82547563,-1.3403277
567,-0.12990877,-0.19325502,-0.19912842,-0.27610487,-0.111665845,-0.35638636,-0.017899305,0.1889964,-0.0047166348,-0.32786125
568,0.11068952,-0.0682013,0.20191717,0.06097293,-0.2477091,0.4858414,0.5745963,0.34902108,0.3456325,0.8429109
569,-0.61686116,-0.87976295,-1.4639705,-1.0775443,-0.8146744,-1.1555464,-1.3988409,-1.7750695,-0.43823713,-1.3937569
570,-0.4462856,-0.33799326,-0.0017143115,-0.44223887,-1.042079,-0.69337916,-1.3512061,-0.5851949,-0.39662337,-0.55867517
571,-0.98481375,-1.0734568,-1.2423052,-1.471763,-1.2805367,-1.2365564,-1.309325,-0.8572031,-0.9798424,-1.4024347
572,-0.9410641,-1.0320596,-0.5119841,-0.8870275,-0.4320557,-1.2553484,-0.3615873,-0.3287531,-1.3854444,-1.1063137
573,-1.1219597,-1.1122036,-1.3736761,-0.76755893,-0.99312335,-0.3819139,-1.003629,-1.0359019,-1.208696,-1.2476761
574,-1.3170507,-0.8626631,-1.0239458,-1.0751382,-1.1202312,-1.0787294,-0.761796,-1.6760092,-0.9349429,-1.334254
575,-0.5452604,-0.60714746,-0.9129201,-1.117413,-0.8289468,-0.94756234,-0.34481624,-1.0940516,-0.9062889,-1.2195108
576,-0.30135763,0.008955121,-0.45055535,-0.27709427,-0.23105915,-0.19896324,0.40670648,-0.050784737,-1.0128007,-0.50305766
577,-0.18145242,-0.038615048,0.4725533,-0.07445731,0.37620038,0.13251609,0.11912648,0.18854547,-0.016723663,0.28905582
578,0.02945438,-0.056689054,0.3186419,0.83594537,-0.017359808,0.15408866,0.43426818,0.42939958,0.105701536,-0.16506001
579,0.09148532,0.462022,-0.20771831,0.09798515,-0.31797785,0.5183073,-0.110589445,-0.05185759,-0.42741358,-0.0912877
580,-0.2049962,-0.18720078,-0.09152017,0.14121409,0.06186989,-0.71883065,-0.43420732,-0.24925297,0.12087,-0.48366582
581,-0.34165248,-0.25610843,0.28519315,0.29757804,-0.6556246,-0.058014244,-0.51230633,-0.001321353,-0.57365793,-0.5820985
582,-0.31755036,-0.29539105,-0.1672715,-0.19021647,-0.1829809,-0.6313493,-0.61774373,-0.28074837,-0.41323814,-0.26612532
583,0.2934085,0.9110737,0.915066,0.78824735,0.7677378,0.3767997,0.58244824,0.6703641,0.76389587,0.62127995
584,0.8104129,0.83881575,0.36552048,0.42717987,0.30453584,0.56337947,0.27258384,0.53256,0.72591496,0.613373
585,0.013846427,-0.062068045,0.003831029,-0.1668582,-0.12355605,0.067238376,-0.004777342,0.5107139,0.3001983,-0.14524388
586,0.117072105,-0.27644366,-0.27314478,-0.3393069,-0.75549716,0.013837561,-0.31306207,0.046505272,-0.13641302,-0.1433841
587,-0.28585264,-0.058877543,-0.515694,-0.101506665,0.10490316,-0.33865935,0.02112317,-0.17764139,0.012987167,-0.42563567
588,-0.11457586,0.18969607,-0.080094814,0.112098515,-0.04336822,0.39696684,-0.026595399,0.20287687,0.10424906,0.09737587
589,0.060061395,0.026306003,0.11312735,-0.0053447485,0.0119146705,0.05706954,0.13795042,0.5372044,1.1352396,-0.16997075
590,-2.4490824,-2.460847,-2.0447488,-2.520156,-3.2147055,-2.166591,-2.2685812,-1.754835,-1.9804391,-1.7219039
591,-2.0319836,-2.0955923,-2.0849698,-1.9415112,-2.2941864,-1.9106479,-2.0518801,-1.9633145,-1.6643615,-2.3176517
592,-0.5585997,-0.23139888,-0.67316306,-0.5987712,-0.41373962,-1.0849833,-0.80453503,-1.3548428,-0.49369138,-0.40002203
593,-0.23938516,-0.9981111,-0.7488997,-0.59878397,-0.55272686,-0.59352636,-0.7038983,-1.0186329,-0.80290926,-0.77591616
594,-1.5147951,-1.2631209,-1.6409501,-1.4116151,-1.0729799,-1.4119724,-1.2221415,-1.4059844,-1.0174768,-1.60056
595,-0.43293023,-0.5814992,-0.9428995,-0.779731,-0.39112198,-0.46349895,-0.813181,-0.47141564,-0.76299864,-0.725343
596,-0.014159739,-0.05786562,0.085585356,0.068009324,0.5467148,-0.37611413,-0.59029746,0.042125702,0.18404388,-0.19008338
597,-1.2597216,-1.0013833,-1.6155704,-1.227363,-1.3852935,-1.1059921,-1.0003134,-0.9703548,-1.5243179,-1.1778358
598,-1.9897263,-1.7255442,-1.7297418,-1.2688252,-1.5250207,-1.6992115,-1.3098518,-1.4091122,-1.2823372,-1.8546913
599,-0.5144931,-0.7889793,-0.3499034,-0.1093601,-1.0343094,-0.67039144,-0.4018127,-0.3741765,-0.6228124,-0.86370087
600,-0.5567938,-0.5428637,-0.2547487,-0.43657202,-0.36765778,-0.51918095,-0.33455184,-0.4457643,-0.633033,-0.6330107
601,-0.55174214,-0.57281315,-0.32243118,-0.65744424,-0.5726993,-0.62060165,-0.73176074,-0.27943128,-0.596814,-0.65048575
602,-1.1439021,-1.0979412,-1.1035142,-0.93959117,-1.438935,-1.0573922,-0.95328385,-0.84236956,-0.8291103,-0.8151689
603,-1.8912286,-1.6725217,-1.7891045,-1.6090112,-1.6261184,-1.5202254,-2.003666,-1.2223103,-1.8074884,-1.4841995
604,-0.66709054,-0.5753692,0.026189089,-0.5832976,-0.50764865,-0.38001007,-0.6994577,-0.3154223,-0.3185817,-0.37794876
605,-3.3220654,-3.451606,-2.7268307,-3.8655624,-3.8931189,-4.3977613,-4.1400776,-3.9230978,-3.6848166,-2.591736
606,-0.43398082,-1.5014238,-0.774966,-0.12149191,-2.299506,-0.8850117,-1.1229079,-1.0206184,-0.46837807,-1.0219684
607,0.84533596,-0.015076518,0.18584305,0.8409489,-0.20721889,0.41549218,0.104496956,-0.1747384,-0.40012348,0.9361373
608,-0.5168221,-0.83645016,-0.8377534,-0.4161526,-0.6944649,-0.59005237,-0.4581055,-0.8017502,-0.56205535,-0.6474172
609,-1.9597418,-2.0337467,-2.074278,-2.124138,-2.0212297,-1.9786291,-1.7521534,-1.8935968,-1.8847175,-2.5264974
610,-0.74496233,-1.0803134,-0.52200055,-0.97828686,-0.9841521,-0.4936695,-0.6963438,-0.9940734,-0.457825,-0.4282651
611,-1.971339,-2.0221548,-2.1694741,-1.3421818,-1.6319473,-1.5002358,-1.7598302,-2.223092,-1.9034915,-1.8849974
612,-1.1885899,-1.2645801,-1.282892,-1.405469,-1.4943501,-0.4277252,-1.1086197,-1.6455965,-1.3257791,-1.388145
613,-0.64546806,-0.818586,-0.35179695,-0.8846357,-0.60135645,-0.29146183,-0.54606646,-0.6864326,-0.5013683,-0.82022536
614,-1.0549258,-0.5125706,-0.8381697,-0.84567934,-0.7039255,-0.7586825,-0.9419844,-0.9858216,-0.5734325,-0.5267476
615,-1.1256315,-1.9342415,-1.8872125,-1.9070554,-2.4901304,-1.4507055,-2.4666052,-2.275282,-2.84065,-1.5020328
616,-2.0898395,-1.9554708,-2.2403965,-1.9318228,-2.557293,-2.5118806,-2.9470248,-2.904563,-2.5190315,-2.2741568
617,-3.3918529,-3.347817,-3.9194114,-3.3977568,-2.4403934,-3.5618699,-3.4473941,-2.6428676,-2.8324237,-3.4067636
618,-2.7629037,-3.6558821,-3.9189987,-3.098496,-4.214449,-3.6999846,-3.9230678,-3.3021493,-3.099617,-4.4375715
619,-3.113084,-3.2809587,-3.1855087,-1.9562114,-2.8869717,-3.2208037,-2.2299678,-2.3869095,-2.3184905,-2.6865854
620,-0.47975352,-0.27344656,-0.4632883,-0.10473549,-0.10736734,-0.053000093,-0.66392696,-0.19323063,-0.34882438,-0.62723935
621,-1.0221949,-0.55258965,-0.70996,-1.1864009,-1.1205852,-1.0583096,-0.6600373,-0.90436625,-0.42558563,-0.59940934
622,0.45685375,0.32814038,0.68490046,0.5586591,0.5168314,0.2982421,0.716875,0.7389381,0.53643024,0.32140732
623,-1.1446888,-1.5183293,-1.451359,-0.5693872,-0.8756412,-1.3184578,-1.1060817,-0.76292354,-0.65784514,-1.1200386
624,0.14885068,-0.9834677,-0.43979657,-0.25710618,-0.28542298,-0.33551693,-0.6673142,-0.43524593,-0.09973431,-0.56835407
625,-0.31157112,-0.43177637,0.08108103,-0.6910107,0.0018919706,-0.44070518,0.05120021,-0.8101214,-0.109140635,0.11876571
626,-0.53562593,-0.54133785,-0.9247385,-0.224069,-1.017561,-1.1508753,-0.7881489,-0.78714854,-0.39702684,-0.14283764
627,-1.1836097,-1.4195772,-0.89795184,-1.0584134,-1.3148091,-1.7845652,-1.664213,-1.1072371,-1.3162941,-1.0656297
628,0.91982263,-0.824413,-0.4562353,-0.5776539,-0.5260116,-1.1576831,-0.6143526,-0.4504195,0.35081187,-0.5955287
629,-0.69312215,-0.6833617,-0.40067682,-0.6231585,-0.28918588,-0.5385442,-0.653163,-0.8900775,-0.5498292,-0.59826165
630,-0.754801,-0.45248932,-0.33517897,-0.7037599,-0.5434129,-0.99168044,-1.1308665,-0.26832396,-0.85350883,-0.6697189
631,-1.3591869,-0.46973467,0.084376484,-1.0470585,-1.6127288,0.022576883,-0.15176639,1.1562558,-0.6777901,0.027597964
632,-2.3449364,-1.8207653,-0.18951789,-1.7797207,1.1419892,-1.544822,-1.1570033,-1.1007681,-0.27511764,-0.37178385
633,-2.4033747,-2.433038,-2.2005818,-2.303749,-2.259014,-2.3782969,-1.9304538,-1.9673364,-2.1104484,-1.6613714
634,-1.7409782,-1.5683384,-1.2740343,-1.3667114,-1.5274825,-1.3578181,-1.7366709,-0.9208436,-1.2744635,-0.35796094
635,0.1820172,0.97582173,0.29158688,0.9878137,0.6278389,0.8756795,0.7332133,0.5088657,0.47700632,0.4345467
636,-2.2674851,-3.2391615,-2.6301165,-1.5444479,-2.8714426,-2.4780169,-2.8103046,-2.6069267,-2.3582048,-1.6695478
637,0.8201409,0.31305647,0.9780144,1.0235648,0.9779483,0.636016,0.25221878,0.6748085,0.67260885,0.9907577
638,0.063415855,0.7888832,-0.57218075,0.11051577,0.060433835,0.024120927,0.7524827,0.5043014,-0.167683,0.12044227
639,-0.01217401,-0.6081663,-0.4964618,-0.3855517,-0.20824867,0.16229936,0.059198886,-0.40539026,-0.237746,-0.44786584
640,-0.9759058,-1.6006105,-1.3100101,-1.8624086,-1.2625532,-1.7715056,-1.765038,-1.7750086,-1.6859101,-1.8624966
641,-1.0785006,-0.36143303,-1.0673139,-1.2632442,-0.25742579,-1.0882574,-0.84978026,-1.1324492,-0.75967956,-0.9167688
642,-1.0761738,-1.0894061,-0.4855125,-0.33600232,-0.33701587,0.003216505,-1.3590842,-0.2661903,-0.742089,-0.93212134
643,-1.0909196,-1.08198,-1.1491749,-1.0964925,-1.0872308,-0.8108958,-0.9810337,-1.6605611,-1.3383197,-1.2112533
644,0.007906318,0.36889118,0.91813684,0.4026279,0.23632681,0.46241343,0.58417356,0.031921625,0.006021261,-0.10560298
645,-0.34556878,-0.2689149,-0.21798275,-0.8217052,-0.98018456,-0.11076531,0.18814039,-0.5779916,-0.8941479,-0.5132705
646,-0.6850208,-0.7221749,-0.38435137,-0.04478836,-1.189909,-0.77879834,-0.87497735,-0.7667248,-0.19931397,-1.1084485
647,-0.16171098,-0.081283316,-0.19819516,0.28980985,0.04726153,0.4313954,-0.20995066,0.015208423,0.1388335,0.25931662
648,-0.7285195,-0.7053167,-1.0766699,-1.3362253,-1.2702118,-0.90284234,-1.1549062,-0.9847368,-0.30953467,-0.8346658
649,-0.6258818,-0.036745965,-0.43818006,-0.4334487,-0.46518493,-0.2133537,-0.03768152,-0.42403007,-0.4319451,-0.058851242
650,1.1285818,-0.57255316,-0.03368777,0.25255477,-0.34115154,0.4433657,0.38947105,0.6720215,-0.3520916,0.03918624
651,-0.70009875,-0.80289793,-0.63930994,-0.2838903,-0.6081748,-0.7513993,-0.41229936,-0.68268657,-0.48858368,-0.5280719
652,-1.1950216,-1.4995039,-1.3662636,-0.91480494,-1.0217658,-0.47069615,-1.4925174,-0.9883019,-0.97433454,-1.0154085
653,-0.8521471,-1.3004367,-1.1317803,-1.2469065,-1.4724796,-0.6890318,-0.79931945,-0.9427936,-0.8105358,-0.91254175
654,0.14777493,0.1373856,0.013398185,-0.20382681,0.4143709,-0.02281195,0.011082053,0.12088734,0.13072014,-0.11821294
655,-0.22902122,-0.31461698,-0.30894813,-0.38763028,-0.6262664,-0.55327773,-0.26709315,-0.32475123,-0.2617901,-0.57861257
656,0.013223648,-0.07953322,-0.5712081,-0.14341143,0.33833945,-0.50808454,-0.7134731,-1.0585985,-0.19304535,-0.37271443
657,0.043849416,-0.005076319,-0.23840815,0.59923023,0.25493675,-0.5212168,0.5742339,0.031005392,0.16130102,0.40008283
658,-0.60907805,0.08634131,-0.32604378,-0.43474227,-0.6839404,-0.3932026,-0.2885351,-0.682122,-0.5598674,-0.4009251
659,-0.20323262,-0.27837482,-0.64425725,-0.68437195,-0.6310629,-0.21591988,-0.14329246,-0.51482266,-0.41171604,-0.5604826
660,-0.45761573,-1.1538253,-1.2737551,-0.6001045,-0.96526635,-1.3288246,-0.3409469,-1.4230707,-0.88146335,-0.60383534
661,0.42968714,-0.05821553,0.17874217,-0.083942294,0.025048256,0.39379683,0.34742737,0.513229,-0.20390095,-0.21140534
662,-0.5214155,-0.5971954,-0.38449907,-0.49346972,-0.5283458,-0.4150684,-0.7694727,-0.5490654,-0.6593592,-0.56543505
663,-0.070185356,-0.14454335,-0.47572845,-0.78424037,-0.4937845,-1.0258745,-0.2521603,-0.5781421,-0.6228007,-0.85224617
664,-0.8838687,-0.8780705,-0.7359015,-0.727,-0.37430835,-1.3626537,-1.0019209,-0.41853142,-0.5665408,-0.3459977
665,1.8196068,1.2739655,-0.1546073,0.6939049,0.62139547,-0.11792755,1.6276891,1.1215386,0.69386625,0.7598778
666,-0.55760455,-0.93331814,-0.39193478,-0.4833123,-1.3385751,0.06018722,0.0833745,-0.7164718,-0.60694075,-1.3074026
667,-2.9323967,-0.7058879,-0.4071889,-1.0324721,-0.83306384,-0.7582145,-0.7444402,-1.4260105,-1.1052141,-2.1710665
668,1.8857994,1.6033128,1.1105195,1.4698689,1.3183109,1.581881,1.7587262,1.7530003,1.6510566,1.5241748
